new("MRAll", Data = new("MRInput", betaX = c(0.0205, 0.0139, 
0.0113, 0.0091, 0.015, 0.0164, 0.0158, 0.0116, 0.0269, 0.0156, 
0.0124, 0.014, 0.0108, 0.025, 0.019, 0.0118, 0.0092, 0.0083, 
0.0207, 0.0108, 0.0123, 0.0155, 0.0191, 0.0146, 0.0098, 0.0177, 
0.0107, 0.0264, 0.0255, 0.0231, 0.0148, 0.015, 0.0311, 0.0135, 
0.0122, 0.0299, 0.02, 0.0112, 0.0255, 0.0399, 0.0098, 0.0209, 
0.0115, 0.0114, 0.0173, 0.0436, 0.0172, 0.0107, 0.0247, 0.0155, 
0.0151, 0.0278, 0.0104, 0.0103, 0.0187, 0.0106, 0.0097, 0.0131, 
0.0257, 0.0089, 0.02, 0.0099, 0.0148, 0.0104, 0.0108, 0.0169, 
0.0343, 0.0154, 0.0139, 0.0198, 0.0107, 0.0266, 0.0126, 0.0119, 
0.0094, 0.0096, 0.0238, 0.0235, 0.0404, 0.0179, 0.0087, 0.014, 
0.0241, 0.0159, 0.0228, 0.0419, 0.0237, 0.0185, 0.0166, 0.049, 
0.0106, 0.0115, 0.0765, 0.0265, 0.0137, 0.0146, 0.0114, 0.014, 
0.0191, 0.0245, 0.0085, 0.0117, 0.0119, 0.0114, 0.0169, 0.0249, 
0.0093, 0.0192, 0.0171, 0.0142, 0.045, 0.0321, 0.0269, 0.0112, 
0.0084, 0.0281, 0.0148, 0.0106, 0.0162, 0.019, 0.0122, 0.0211, 
0.0456, 0.0169, 0.0119, 0.0097, 0.012, 0.0093, 0.015, 0.0102, 
0.0182, 0.0113, 0.0107, 0.0151, 0.0134, 0.0221, 0.0126, 0.0089, 
0.0354, 0.0121, 0.0214, 0.0368, 0.0217, 0.0212, 0.0153, 0.0131, 
0.0179, 0.0109, 0.0095, 0.0194, 0.0084, 0.0221, 0.0098, 0.0134, 
0.0379, 0.0149, 0.0112, 0.0102, 0.012, 0.0144, 0.0093, 0.0159, 
0.016, 0.0107, 0.03, 0.0158, 0.0097, 0.0159, 0.0105, 0.0155, 
0.022, 0.0106, 0.0083, 0.0142, 0.0219, 0.0129, 0.0138, 0.0088, 
0.0159, 0.0114, 0.0258, 0.0101, 0.0168, 0.0432, 0.0293, 0.0259, 
0.0236, 0.0155, 0.0375, 0.0094, 0.0205, 0.0116, 0.0118, 0.0102, 
0.008, 0.0147, 0.0308, 0.0211, 0.0164, 0.05, 0.0145, 0.0236, 
0.0113, 0.0199, 0.0099, 0.0122, 0.0089, 0.0129, 0.0233, 0.0091, 
0.009, 0.0206, 0.0296, 0.0201, 0.0192, 0.0096, 0.0263, 0.0343, 
0.0131, 0.0182, 0.0499, 0.048, 0.0666, 0.0453, 0.0136, 0.0106, 
0.0142, 0.0143, 0.0116, 0.0091, 0.0142, 0.0093, 0.0089, 0.0291, 
0.0088, 0.015, 0.0147, 0.0111, 0.0239, 0.0148, 0.0309, 0.0178, 
0.0126, 0.0147, 0.0169, 0.0092, 0.0303, 0.0333, 0.0089, 0.0102, 
0.0109, 0.022, 0.0151, 0.0094, 0.0123, 0.0172, 0.0098, 0.012, 
0.0081, 0.0111, 0.0084, 0.0369, 0.0303, 0.0101, 0.0148, 0.0114, 
0.0146, 0.0205, 0.0259, 0.0106, 0.012, 0.0116, 0.0098, 0.01, 
0.0124, 0.0184, 0.0231, 0.0176, 0.0228, 0.0154, 0.0189, 0.0105, 
0.0502, 0.0121, 0.0164, 0.0131, 0.0189, 0.0237, 0.0171, 0.0162, 
0.01, 0.0106, 0.0117, 0.0251, 0.0121, 0.0177, 0.0092, 0.0119, 
0.0092, 0.0103, 0.0142, 0.0173, 0.0145, 0.0262, 0.0274, 0.0293, 
0.0217, 0.0279, 0.0251, 0.06, 0.0174, 0.0355, 0.0158, 0.0127, 
0.0231, 0.0101, 0.0182, 0.0183, 0.0251, 0.0241, 0.0733, 0.0373, 
0.0187, 0.0118, 0.0092, 0.0119, 0.0174, 0.0137, 0.0131, 0.0168, 
0.0218, 0.0135, 0.015, 0.0139, 0.0137, 0.0123, 0.0418, 0.0153, 
0.0372, 0.0161, 0.0367, 0.0119, 0.0131, 0.0083, 0.0114, 0.0149, 
0.0132, 0.0134, 0.014, 0.0122, 0.0127, 0.0082, 0.0553, 0.0096, 
0.0119, 0.0223, 0.0161, 0.0215, 0.0118, 0.0136, 0.0259, 0.0178, 
0.0205, 0.0099, 0.0268, 0.0139, 0.0171, 0.0296, 0.0117, 0.0123, 
0.0093, 0.0172, 0.0231, 0.0209, 0.0134, 0.0278, 0.0129, 0.0143, 
0.0161, 0.0261, 0.0104, 0.0124, 0.0252, 0.0106, 0.0093, 0.0273, 
0.028, 0.0095, 0.0113, 0.0108, 0.0112, 0.0097, 0.0174, 0.0173, 
0.0166, 0.0334, 0.0115, 0.0169, 0.0115, 0.0385, 0.0292, 0.0251, 
0.016, 0.0148, 0.022, 0.0293, 0.012, 0.0773, 0.0124, 0.012, 0.0119, 
0.0101, 0.0185, 0.0205, 0.0136, 0.0144, 0.012, 0.0354, 0.0328, 
0.0216, 0.0329, 0.0159, 0.0203, 0.0114, 0.0136, 0.0116, 0.0124, 
0.0137, 0.0108, 0.0147, 0.0119, 0.0142, 0.0126, 0.0091, 0.0127, 
0.0087, 0.0185, 0.0262, 0.0297, 0.0143, 0.0172, 0.0203, 0.0496, 
0.0248, 0.0153, 0.0131, 0.0221, 0.0243, 0.0096, 0.0392, 0.0259, 
0.0193, 0.0189, 0.0581, 0.0756, 0.0536, 0.0114, 0.0093, 0.0215, 
0.0185, 0.0126, 0.0163, 0.012, 0.0098, 0.0123, 0.0099, 0.0182, 
0.0139, 0.017, 0.0104, 0.0336, 0.0101, 0.0378, 0.0104, 0.0303, 
0.0443, 0.0156, 0.0207, 0.0308, 0.012, 0.018, 0.0168, 0.0091, 
0.0302, 0.0138, 0.0097, 0.027, 0.0289, 0.0121, 0.0133, 0.0193, 
0.0093, 0.0115, 0.0141, 0.0228, 0.0248, 0.0274, 0.019, 0.0174, 
0.0128, 0.0081, 0.0101, 0.0113, 0.0147, 0.0251, 0.0164, 0.0261, 
0.0837, 0.051, 0.0369, 0.0266, 0.0324, 0.0102, 0.0117, 0.0092, 
0.0091, 0.0133, 0.0142, 0.0224, 0.0108, 0.0246, 0.0158, 0.0286, 
0.0125, 0.0134, 0.0096, 0.0161, 0.0164, 0.0298, 0.0368, 0.0227, 
0.0439, 0.0362, 0.0192, 0.0089, 0.0083, 0.0125, 0.0242, 0.0221, 
0.0251, 0.0224, 0.0218, 0.0125, 0.032, 0.0112, 0.0181, 0.0117, 
0.0159, 0.0098, 0.0139, 0.0107, 0.023, 0.0079, 0.0432, 0.0136, 
0.0267, 0.012, 0.0178, 0.0129, 0.0181, 0.0382, 0.0107, 0.0116, 
0.0095, 0.0244, 0.0156, 0.0196, 0.0098, 0.014, 0.01, 0.0178, 
0.0277, 0.0146, 0.0139, 0.0311, 0.034, 0.0266, 0.0133, 0.0159, 
0.0236, 0.0092, 0.0242, 0.0152, 0.0098, 0.0164, 0.0768, 0.0173, 
0.0402, 0.0136, 0.0288, 0.0352, 0.0278, 0.0189, 0.0167, 0.0138, 
0.0175, 0.0124, 0.0109, 0.0103, 0.0125, 0.0109, 0.0137, 0.0113, 
0.0121, 0.014, 0.0124, 0.0104, 0.017, 0.0113, 0.0166, 0.0097, 
0.0368, 0.0306, 0.0206, 0.0279, 0.033, 0.0136, 0.0236, 0.0131, 
0.0162, 0.0127, 0.011, 0.0257, 0.0314, 0.0121, 0.0116, 0.0453, 
0.0597, 0.075, 0.0109, 0.019, 0.0255, 0.0161, 0.0147, 0.024, 
0.0175, 0.0139, 0.015, 0.0192, 0.0512, 0.0116, 0.0327, 0.0421, 
0.0211, 0.0369, 0.0341, 0.0106, 0.0092, 0.0089, 0.0165, 0.0312, 
0.0107, 0.0134, 0.0101, 0.0087, 0.0101, 0.0586, 0.0333, 0.043, 
0.0189, 0.026, 0.02, 0.0101, 0.0159, 0.0397, 0.0188, 0.0396, 
0.0252, 0.0178, 0.0198, 0.0182, 0.0881, 0.0473, 0.06, 0.0431, 
0.0299, 0.0111, 0.0091, 0.0216, 0.0095, 0.0272, 0.0082, 0.0123, 
0.0232, 0.0246, 0.013, 0.0183, 0.0232, 0.0129, 0.0219, 0.0104, 
0.014, 0.0147, 0.0123, 0.012, 0.0154, 0.0428, 0.012, 0.0087, 
0.0306, 0.0215, 0.0306, 0.021, 0.0232, 0.0253, 0.0162, 0.0086, 
0.019, 0.0128, 0.016, 0.0082, 0.0122, 0.0152, 0.0093, 0.0484, 
0.0331, 0.0096, 0.011, 0.0281, 0.015, 0.0238, 0.0123, 0.0087, 
0.0138, 0.0128, 0.0195, 0.017, 0.0234, 0.0184, 0.0099, 0.0167, 
0.0436, 0.0086, 0.0211, 0.0419, 0.0112, 0.0257, 0.0086, 0.0102, 
0.0151, 0.0122, 0.0104, 0.0149, 0.0167, 0.0171, 0.0179, 0.0266, 
0.0525, 0.0124, 0.0122, 0.0162, 0.0187, 0.0112, 0.0149, 0.0199, 
0.0314, 0.0324, 0.0308, 0.0096, 0.0103, 0.0089, 0.0159, 0.0188, 
0.0161, 0.0232, 0.0427, 0.0123, 0.0252, 0.0142, 0.0273, 0.0161, 
0.0158, 0.0244, 0.0103, 0.0113, 0.0308, 0.0335, 0.0205, 0.0129, 
0.0118, 0.0116, 0.0096, 0.0159, 0.0095, 0.0084, 0.0113, 0.0255, 
0.0198, 0.03, 0.0153, 0.016, 0.0367, 0.0215, 0.0675, 0.0273, 
0.0094, 0.0108, 0.0096, 0.0199, 0.0246, 0.0235, 0.0472, 0.0223, 
0.0229, 0.0132, 0.0106, 0.0109, 0.0155, 0.0219, 0.0094, 0.0127, 
0.0145, 0.0114, 0.0083, 0.0131, 0.0525, 0.0253, 0.0355, 0.0104, 
0.013, 0.0096, 0.0094, 0.0157, 0.016, 0.018, 0.0095, 0.0085, 
0.0138, 0.0086, 0.0117, 0.0132, 0.0112, 0.0261, 0.0117, 0.0144, 
0.0161, 0.0099, 0.0204, 0.0461, 0.036, 0.0138, 0.0132, 0.0115, 
0.0152, 0.0132, 0.0107, 0.0114, 0.0114, 0.0148, 0.034, 0.0131, 
0.0164, 0.031, 0.017, 0.0122, 0.0098, 0.0393, 0.0113, 0.0171, 
0.0088, 0.0144, 0.0114, 0.0115, 0.0092, 0.0089, 0.0115, 0.0131, 
0.022, 0.0164, 0.0097, 0.0103, 0.0226, 0.0136, 0.0129, 0.0197, 
0.0143, 0.0147, 0.0346, 0.0253, 0.0088, 0.0277, 0.0132, 0.0136, 
0.0188, 0.0146, 0.0177, 0.0278, 0.012, 0.0099, 0.0122, 0.0125, 
0.0287, 0.0226, 0.0162, 0.0163, 0.0288, 0.0102, 0.0215, 0.0129, 
0.0159, 0.0181, 0.0106, 0.0089, 0.0154, 0.0117, 0.0122, 0.0117, 
0.0238, 0.0222, 0.0212, 0.0483, 0.0609, 0.0311, 0.0232, 0.0211, 
0.0122, 0.047, 0.01, 0.0133, 0.0102, 0.0132, 0.0158, 0.0262, 
0.0374, 0.013, 0.0129, 0.0184, 0.0164, 0.0103, 0.0111, 0.0422, 
0.016, 0.0198, 0.0231, 0.009, 0.0255, 0.0474, 0.0237, 0.0178, 
0.0085, 0.0261, 0.0152, 0.0143, 0.0219, 0.0106, 0.0204, 0.0104, 
0.0477, 0.0109, 0.01, 0.0192, 0.0355, 0.0373, 0.0227, 0.0108, 
0.0125, 0.0122, 0.0195, 0.0227, 0.011, 0.01, 0.0132, 0.0114, 
0.0118, 0.009, 0.0131, 0.0121, 0.0113, 0.0237, 0.0188, 0.0273, 
0.0114, 0.0094, 0.015, 0.0139, 0.0097, 0.011, 0.0216, 0.05, 0.0218, 
0.0146, 0.0102, 0.0122, 0.0117, 0.0179, 0.0246, 0.0128, 0.0262, 
0.0187, 0.0271, 0.016, 0.0191, 0.0245, 0.021, 0.0147, 0.0632, 
0.0227, 0.0274, 0.0391, 0.0353, 0.0313, 0.0406, 0.0274, 0.0444, 
0.0151, 0.0101, 0.0197, 0.0128, 0.0254, 0.0196, 0.0242, 0.0279, 
0.0128, 0.0105, 0.0112, 0.0185, 0.0106, 0.011, 0.0218, 0.0186, 
0.0101, 0.0125, 0.0194, 0.013, 0.0128, 0.0107, 0.0144, 0.0361, 
0.0154, 0.0247, 0.0136, 0.0413, 0.0115, 0.0217, 0.0134, 0.0175, 
0.0236, 0.0103, 0.0108, 0.0179, 0.0097, 0.0167, 0.0113, 0.0325, 
0.0141, 0.0168, 0.0341, 0.0235, 0.0205, 0.0092, 0.0096, 0.0389, 
0.0165, 0.0105, 0.0138, 0.0173, 0.0133, 0.0111, 0.0301, 0.0095, 
0.0105, 0.0145, 0.024, 0.0113, 0.0181, 0.0137, 0.0205, 0.0131, 
0.0122, 0.0118, 0.0108, 0.0139, 0.0107, 0.0089, 0.012, 0.0099, 
0.0168, 0.0239, 0.018, 0.0179, 0.0155, 0.0158, 0.0166, 0.023, 
0.0191, 0.0121, 0.0233, 0.0135, 0.0091, 0.0088, 0.0261, 0.0285, 
0.0126, 0.0173, 0.019, 0.0106, 0.0185, 0.0236, 0.022, 0.0133, 
0.0085, 0.0263, 0.0089, 0.0125, 0.0204, 0.0248, 0.0163, 0.0152, 
0.0109, 0.0214, 0.0142, 0.0079, 0.0288, 0.0108, 0.0218, 0.0102, 
0.0101, 0.0099, 0.0242, 0.0146, 0.0127, 0.0115, 0.0137, 0.0244, 
0.029, 0.0198, 0.0194, 0.0209, 0.0187, 0.0106, 0.0112, 0.013, 
0.0244, 0.0212, 0.0316, 0.0476, 0.0097, 0.0102, 0.0097, 0.0122, 
0.0158, 0.0111, 0.0218, 0.018, 0.0163, 0.0158, 0.0349, 0.0159, 
0.0172, 0.0124, 0.0105, 0.0221, 0.0114, 0.0093, 0.0107, 0.0202, 
0.0085, 0.0081, 0.0092, 0.0121, 0.0095, 0.0099, 0.0109, 0.0106, 
0.0161, 0.0291, 0.0181, 0.0258, 0.0129, 0.0114, 0.0134, 0.0126, 
0.0239, 0.0086, 0.014, 0.0156, 0.0101, 0.0113, 0.0197, 0.026, 
0.0169, 0.0129, 0.019, 0.0195, 0.0315, 0.0175, 0.0244, 0.0118, 
0.0386, 0.0156, 0.0121, 0.0158, 0.0189, 0.0488, 0.0118, 0.0113, 
0.0172, 0.0176, 0.0097, 0.0304, 0.0128, 0.0108, 0.0084, 0.011, 
0.0089, 0.0128, 0.0104, 0.0155, 0.0097, 0.0096, 0.0242, 0.0113, 
0.0122, 0.0177, 0.0162, 0.0135, 0.0144, 0.0117, 0.015, 0.0171, 
0.0173, 0.0262, 0.009, 0.0107, 0.0222, 0.0092, 0.0181, 0.0189, 
0.0157, 0.0157, 0.0094, 0.0128, 0.0183, 0.029, 0.0312, 0.0222, 
0.023, 0.0151, 0.0092, 0.0164, 0.0255, 0.0231, 0.0095, 0.0226, 
0.0111, 0.0183, 0.0139, 0.014, 0.0292, 0.0169, 0.0215, 0.0158, 
0.0214, 0.0106, 0.013, 0.0106, 0.0084, 0.0088, 0.0134, 0.0111, 
0.0343, 0.0234, 0.0384, 0.024, 0.0121, 0.0292, 0.0094, 0.0328, 
0.0179, 0.0266, 0.0112, 0.0304, 0.0147, 0.04, 0.024, 0.013, 0.0131, 
0.0224, 0.0092, 0.0261, 0.0206, 0.0097, 0.02, 0.0346, 0.0142, 
0.028, 0.0559, 0.0258, 0.0154, 0.027, 0.0107, 0.0361, 0.0147, 
0.0095, 0.0218, 0.0182, 0.0108, 0.0187, 0.0139, 0.0522, 0.0318, 
0.0177, 0.0178, 0.0094, 0.0132, 0.0108, 0.0205, 0.0234, 0.0482, 
0.078, 0.0424, 0.0287, 0.0253, 0.0215, 0.0259, 0.0175, 0.021, 
0.0239, 0.024, 0.0098, 0.0111, 0.0119, 0.011, 0.0144, 0.0087, 
0.0147, 0.0181, 0.0201, 0.0084, 0.0246, 0.0157, 0.0157, 0.0176, 
0.0225, 0.0196, 0.0356, 0.0096, 0.0304, 0.0129, 0.0088, 0.0121, 
0.0185, 0.0134, 0.0294, 0.0111, 0.0163, 0.0153, 0.0178, 0.0224, 
0.0128, 0.0121, 0.0122, 0.0147, 0.0209, 0.0151, 0.0126, 0.0137, 
0.0157, 0.0215, 0.015, 0.0453, 0.0347, 0.0521, 0.0182, 0.0195, 
0.0122, 0.0318, 0.036, 0.0103, 0.0098, 0.009, 0.0084, 0.0169, 
0.0148, 0.0144, 0.0087, 0.0161, 0.0118, 0.0132, 0.0124, 0.0149, 
0.0266, 0.0177, 0.0167, 0.0114, 0.0122, 0.009, 0.0122, 0.0261, 
0.0103, 0.0195, 0.01, 0.0201, 0.0311, 0.0138, 0.0284, 0.0369, 
0.0191, 0.0109, 0.0123, 0.0159, 0.0212, 0.0089, 0.0223, 0.0117, 
0.0112, 0.017, 0.0141, 0.0191, 0.0148, 0.0102, 0.0138, 0.0125, 
0.016, 0.0127, 0.0134, 0.0274, 0.0365, 0.0198, 0.0247, 0.0104, 
0.0085, 0.0241, 0.0175, 0.0131, 0.02, 0.0194, 0.0294, 0.0191, 
0.0284, 0.0288, 0.011, 0.0124, 0.0379, 0.0135, 0.0105, 0.0155, 
0.0244, 0.0152, 0.028, 0.0163, 0.0185, 0.0535, 0.0105, 0.0115, 
0.0081, 0.0247, 0.0188, 0.0264, 0.0142, 0.0133, 0.0146, 0.0162, 
0.0227, 0.0158, 0.016, 0.0118, 0.0179, 0.0203, 0.015, 0.0146, 
0.0137, 0.0089, 0.0346, 0.032, 0.0136, 0.0173, 0.053, 0.0326, 
0.0102, 0.0125, 0.0139, 0.0175, 0.0201, 0.0111, 0.0138, 0.0088, 
0.0177, 0.0136, 0.0199, 0.0139, 0.0148, 0.0087, 0.0445, 0.0116, 
0.0313, 0.0138, 0.0086, 0.0105, 0.0299, 0.0326, 0.0338, 0.0248, 
0.0086, 0.0163, 0.018, 0.0165, 0.0238, 0.0193, 0.0181, 0.0114, 
0.0102, 0.016, 0.0276, 0.0258, 0.0322, 0.023, 0.0198, 0.0163, 
0.0335, 0.0267, 0.1408, 0.0405, 0.0143, 0.0145, 0.0162, 0.013, 
0.0134, 0.011, 0.0103, 0.0118, 0.0118, 0.0107, 0.0178, 0.04, 
0.0183, 0.0568, 0.0196, 0.014, 0.022, 0.0155, 0.0218, 0.0138, 
0.035, 0.0212, 0.0101, 0.0252, 0.0179, 0.0088, 0.0125, 0.0355, 
0.0193, 0.0169, 0.0123, 0.011, 0.0342, 0.0221, 0.0151, 0.0177, 
0.0126, 0.011, 0.0262, 0.0161, 0.015, 0.0127, 0.0113, 0.0085, 
0.0132, 0.0274, 0.0104, 0.0158, 0.0114, 0.0121, 0.0186, 0.0107, 
0.0142, 0.0189, 0.0111, 0.0082, 0.0312, 0.0136, 0.0113, 0.0117, 
0.0109, 0.0265, 0.0106, 0.0083, 0.0349, 0.0164, 0.024, 0.0299, 
0.0204, 0.0096, 0.0126, 0.0159, 0.0167, 0.0138, 0.0134, 0.0148, 
0.0085, 0.0206, 0.0166, 0.0111, 0.0217, 0.0111, 0.0203, 0.0144, 
0.0226, 0.01, 0.0191, 0.0134, 0.0105, 0.017, 0.0151, 0.0085, 
0.0171, 0.023, 0.0187, 0.0107, 0.0103, 0.0144, 0.0162, 0.0089, 
0.0183, 0.0176, 0.0165, 0.0125, 0.0134, 0.0127, 0.0188, 0.0095, 
0.0253, 0.0208, 0.0231, 0.0269, 0.0129, 0.0103, 0.0094, 0.0097, 
0.0106, 0.011, 0.0082, 0.0183, 0.0325, 0.035, 0.0096, 0.0562, 
0.039, 0.0185, 0.0235, 0.0237, 0.015, 0.0253, 0.022, 0.0151, 
0.019, 0.0306, 0.0174, 0.0164, 0.0475, 0.0254, 0.0216, 0.0118, 
0.0123, 0.0285, 0.0207, 0.0202, 0.0085, 0.0112, 0.0127, 0.0102, 
0.0341, 0.0262, 0.0101, 0.0284, 0.0119, 0.0471, 0.04, 0.0142, 
0.0107, 0.0098, 0.0343, 0.0383, 0.0432, 0.0411, 0.0151, 0.013, 
0.0353, 0.01, 0.017, 0.0177, 0.0185, 0.0112, 0.0136, 0.0126, 
0.0192, 0.0244, 0.0273, 0.0109, 0.0111, 0.0096, 0.0107, 0.0201, 
0.0127, 0.023, 0.0129, 0.0116, 0.0177, 0.0149, 0.0097, 0.0174, 
0.0173, 0.0186, 0.0135, 0.0139, 0.0088, 0.0102, 0.0146, 0.0105, 
0.015, 0.01, 0.0406, 0.0134, 0.0154, 0.0137, 0.0161, 0.012, 0.0127, 
0.0134, 0.011, 0.0263, 0.0177, 0.0154, 0.0525, 0.0227, 0.0103, 
0.0155, 0.017, 0.009, 0.0228, 0.0148, 0.0297, 0.0137, 0.0356, 
0.0112, 0.0218, 0.0185, 0.0127, 0.0317, 0.0129, 0.0111, 0.0236, 
0.0186, 0.0176, 0.016, 0.0258, 0.0255, 0.0247, 0.0203, 0.0301, 
0.0292, 0.0187, 0.0138, 0.0383, 0.0209, 0.0263, 0.0299, 0.021, 
0.0377, 0.0162, 0.0183, 0.0141, 0.0162, 0.0136, 0.0141, 0.0245, 
0.0118, 0.0327, 0.0233, 0.0166, 0.0266, 0.0264, 0.0088, 0.0123, 
0.0221, 0.0158, 0.022, 0.0105, 0.016, 0.0181, 0.0116, 0.0333, 
0.0117, 0.0291, 0.0333, 0.0238, 0.03, 0.0117, 0.0103, 0.0286, 
0.0103, 0.0133, 0.0192, 0.0098, 0.0097, 0.0116, 0.0113, 0.0138, 
0.0082, 0.0096, 0.0152, 0.0102, 0.025, 0.0092, 0.0257, 0.0244, 
0.0466, 0.0189, 0.0171, 0.0174, 0.0184, 0.0197, 0.0141, 0.0086, 
0.008, 0.0157, 0.0109, 0.0112, 0.0105, 0.0089, 0.014, 0.0157, 
0.0117, 0.0106, 0.0195, 0.0192, 0.0156, 0.0105, 0.023, 0.0119, 
0.0096, 0.0432, 0.0705, 0.0393, 0.045, 0.0345, 0.0311, 0.0103, 
0.0183, 0.0084, 0.0145, 0.025, 0.0147, 0.0093, 0.0192, 0.017, 
0.0188, 0.0089, 0.0087, 0.0094, 0.037, 0.0231, 0.028, 0.0101, 
0.0117, 0.0145, 0.0097, 0.0102, 0.0152, 0.0183, 0.0084, 0.0192, 
0.0226, 0.0175, 0.0166, 0.0089, 0.0109, 0.0177, 0.0148, 0.0206, 
0.0081, 0.0118, 0.0455, 0.0225, 0.0227, 0.0129, 0.0092, 0.0119, 
0.0235, 0.0104, 0.0163, 0.0134, 0.0097, 0.0312, 0.0101, 0.0137, 
0.0099, 0.0364, 0.0157, 0.0295, 0.0171, 0.0125, 0.0132, 0.015, 
0.0147, 0.0194, 0.0173, 0.0129, 0.0123, 0.0146, 0.009, 0.024, 
0.0168, 0.0163, 0.0109, 0.0189), betaY = c(-0.0194, -0.026, 0.0271, 
0.0039, 0.0027, 0.0094, -0.0159, 0.0016, 0.0019, 0.015, -0.0024, 
0.0022, -0.0012, -0.0066, -0.0054, -1e-04, 0.0111, -9e-04, -0.0024, 
0.0069, 0.0164, -0.001, -0.0098, -0.0067, 7e-04, -0.0035, 0.0017, 
-0.0128, -0.0028, 0.0174, -0.0015, -0.0094, 0.0069, 0.0076, 0.0059, 
-0.0371, -0.0326, -0.0231, -0.006, 0.0191, -0.009, 7e-04, -0.0027, 
0.0052, 0.0032, -0.0216, -0.006, 0.0035, -0.0111, -0.0107, -1e-04, 
0.0162, -0.0035, -0.0105, -0.017, 0.0097, 0.0019, -0.0061, -0.0104, 
-0.0068, -0.0061, -0.0037, -0.011, -3e-04, -0.0049, 0.032, 0.0186, 
0.003, 0.0067, 0.0039, -0.0043, -0.0171, -0.0047, -0.0146, -0.0081, 
-0.0143, -0.015, -0.0158, 0.0103, 0.0033, -0.0021, -0.0054, -0.0066, 
-0.1011, 0.0048, -0.0083, -0.0182, -0.0023, -0.0054, 0.0259, 
5e-04, -0.0083, -0.0699, 0.0109, 0.0079, -0.0328, 0.0093, 0.0054, 
-0.008, -0.0335, -0.0041, 0.0182, -0.0149, 2e-04, -0.0127, 0.0074, 
-0.0125, -0.0082, -0.0094, -0.027, -0.0067, 0.0262, 0.006, 0.0031, 
7e-04, -0.0041, -3e-04, 0.0123, -0.0037, -0.0173, 0.0023, 0.0017, 
0.0161, -0.0088, 4e-04, -0.0033, -0.0034, -0.0077, 0.0075, 0.0032, 
-0.0037, -0.0025, 0.0011, -0.0026, 0.0053, -0.0061, -9e-04, -0.0072, 
0.0111, -6e-04, 0.0068, -0.0052, -0.0141, -0.0048, -0.0096, -0.0022, 
-0.0136, 0.0053, -0.0049, -0.0033, -0.0101, -0.003, -0.005, 0.0055, 
0.0084, -0.0282, 0.0114, -0.0101, 0.0026, 0.0071, -0.0128, 0.0039, 
-0.0136, 0.0134, -0.0152, -0.0115, -0.0018, 0.0011, -0.0041, 
0.0248, -0.0011, 0.0026, -0.0079, 0.0104, 0.0048, 0.0222, 0.0047, 
0.0028, 0.0025, -0.0112, 0.0012, 0.003, -0.0019, -0.0366, -0.013, 
-0.0213, -0.0066, -0.0069, -0.01, -0.0041, -0.0181, 0.0074, -0.0017, 
-0.0077, -0.0058, 0.0107, -0.0035, -0.0095, -6e-04, -0.0175, 
-0.0026, -0.0027, 0.005, -0.014, 0, -0.0128, 0.0014, -0.0037, 
0.0033, -0.0061, -0.0132, 0.0146, -0.0019, 0.008, 0.0292, -0.0105, 
-0.0033, 0.0088, -0.0047, 5e-04, -0.0234, -0.0032, -0.015, -0.0036, 
-0.0045, -0.02, 0.0092, -0.0114, -0.0092, 0.0105, -0.0097, -2e-04, 
-0.0072, -0.0149, -0.002, -0.0155, 0.0063, 0.0103, -0.0298, 0.0069, 
0.0103, -0.0208, 0.0027, 0.0054, 0.0389, -0.0107, 0.0047, 0.0031, 
-0.0048, -0.0078, -0.0017, -0.0093, -0.0034, -0.0132, -0.0013, 
-0.0028, -0.0017, -1e-04, -8e-04, 0.0053, -0.0042, 7e-04, 0.0027, 
0.0155, -0.0086, -0.0046, 0.0033, 0.0039, -0.0116, 0.0212, -4e-04, 
-0.0028, -0.0062, -0.0016, -0.0101, -0.0282, 0.0011, 0.0055, 
-0.0281, -0.0105, -0.001, 0.0014, -0.0152, 0.0033, 0.0113, -0.0184, 
-0.0041, 0.0087, 0.0035, 0.001, 4e-04, 2e-04, 0.0183, 0.0182, 
0.0058, -0.0048, 0.0133, -4e-04, 0.0067, 0.0055, 0.0025, 0.0048, 
-0.0147, 0.0221, -0.006, -0.0043, -0.0091, 0.0134, -0.0125, 0.0033, 
-0.0018, -0.0174, -0.0205, 0.0033, -0.0033, -0.005, -0.0111, 
0.0019, -0.0121, 0.0092, -0.0133, -0.0086, -0.0289, -0.0028, 
-0.0156, -0.0076, 0.0127, -0.0141, 0.0199, -0.0034, 5e-04, -0.017, 
-0.0129, -0.0085, 0.0079, 0.0018, -0.001, 0.0079, -0.0144, 0.0012, 
-0.013, -0.0249, 0.0082, 0.01, 0.0013, -0.0077, 0.0079, 0.0113, 
-0.0032, 0.0034, -0.0068, -0.0097, -0.0434, -0.0029, -0.0078, 
-0.0027, 0.0069, 0.0037, -0.0295, -0.0156, 0.0082, -0.021, -0.0309, 
0.0031, -0.0328, -0.0049, -0.0148, -0.0161, -2e-04, 0.0089, -0.0141, 
0.0065, 0.0052, 0.002, -0.0055, -0.0027, -0.0077, 0.0039, -0.0184, 
0.0059, -0.0085, -0.0188, -0.0174, -0.0095, 0.0177, -0.0189, 
0.0032, -0.0104, 0.0097, -0.0076, -0.0125, 0.0029, -0.0014, -0.0065, 
5e-04, -0.0295, -8e-04, 0.01, -0.0022, -0.0219, 0.005, -0.0309, 
0.0375, 0.0176, -0.0199, -0.0267, -0.0056, -0.0117, 0.0126, -3e-04, 
-1e-04, 0.0112, -0.0261, -0.0094, -0.0089, -0.0057, 0.0209, 8e-04, 
-0.0106, 0.0126, 0.0042, -0.0086, -3e-04, 0.0014, -0.0131, 0.0103, 
0.0144, -6e-04, -0.0063, 0.0132, -0.0033, -0.0072, 5e-04, -0.003, 
-0.0087, 0.0082, 0.0235, 0.0023, 0.0157, -0.025, -0.0112, -0.0379, 
-0.0097, -0.0079, 0.0125, -0.0029, -0.0139, -0.0103, -0.0031, 
-0.011, -0.0037, 0.0034, 2e-04, -0.0167, -0.0193, -0.0192, 0.0133, 
0.014, 0.0038, 0.0037, 0.0082, -0.0026, -0.0059, 0.0088, -0.0014, 
0.0038, 7e-04, -5e-04, -0.0169, 0.005, 0.0325, -0.0095, -0.0349, 
-0.0202, -0.0357, 0.0139, 0.0176, -0.0013, 0.0195, 0.0054, 0.0016, 
-0.0094, 0.006, 3e-04, -0.0041, -4e-04, -0.0155, 0.0029, 0.0137, 
3e-04, -0.0035, -0.0042, 0.0032, -3e-04, -0.0089, -0.0043, -0.0241, 
-0.0021, -0.0043, -0.0026, -0.0069, 0.0019, 0.0028, -0.0147, 
-0.0158, 0.0119, -0.0117, 0.0064, -0.0149, 0.0179, 0.0059, 0.0066, 
-0.0129, -0.0157, -0.0058, -0.0066, -0.002, -0.0013, -0.0044, 
0.0122, 9e-04, 0.0028, -0.0114, -0.0041, -0.0248, 0.0079, 0.0109, 
0.0036, 4e-04, -0.0149, 0.0029, 0.0086, -0.0128, -0.0093, 0.0073, 
-0.0014, -0.0061, -0.0041, -4e-04, -0.0125, -2e-04, -0.0021, 
-0.0076, -0.0011, -0.0208, -0.0201, 0.0018, -0.0096, 0.0049, 
0.0017, 0.0079, -0.0052, 0.0096, 0.0171, -0.01, -0.0057, -0.0061, 
0.0151, 3e-04, -0.0122, -0.0199, -0.0058, -0.0017, -0.0128, -0.0081, 
0.0129, 0.0182, -0.0076, 0.0037, -0.0086, -0.0056, 2e-04, -0.0102, 
0.0139, 0.0255, -0.0253, -0.0253, 0.0057, -0.0012, 0.005, 0.0046, 
0.0058, 0.0164, -0.002, -0.0037, 0.0211, -0.0088, 0.0256, 0.0068, 
-0.0167, -0.0116, 0.0063, -0.007, 0.0015, 0.013, -0.0029, -0.0187, 
-0.0165, -0.0026, 0.0088, -0.0018, -7e-04, -0.0037, -0.016, -0.0114, 
-7e-04, -0.0124, 0.005, -0.0057, -0.0182, -0.0021, 0.0017, 0.0067, 
-0.0054, -0.0039, -0.0263, -0.0228, 0.012, 5e-04, -0.0076, -0.006, 
4e-04, -0.0089, -0.0085, -0.0014, -0.0112, 2e-04, 0.0317, 0.0081, 
0.0055, -0.0138, -0.0048, -0.008, -0.0013, 0.0214, -0.0448, -0.0124, 
0.014, -0.0065, 0.0391, 0.0173, -4e-04, -0.0195, -0.0172, -0.0147, 
-0.0054, -0.0069, -0.0094, -0.0061, -0.0113, 0.0011, -0.0067, 
7e-04, 0.0071, -0.0031, -0.003, 9e-04, -0.0073, 0.0028, -0.0063, 
-0.0212, -0.021, -0.0195, 0.0042, -0.026, -0.0053, -0.0362, -0.0356, 
0.0156, -0.0078, -0.0159, 0.0255, 0.0068, 0.0488, -0.0055, -0.0062, 
-0.0056, -0.0274, 0.0067, -0.0074, -0.0185, -0.004, 0.0091, -0.0104, 
0.0013, -0.0133, -0.0188, -0.0011, 2e-04, -0.0151, -0.0129, -0.002, 
0.0011, 0.0118, -0.0045, 0.0038, 0.0107, -0.0163, 0.0058, -0.0055, 
-0.0082, -0.0156, -0.0011, -0.0205, 0.0128, -0.025, -0.0198, 
-0.0183, 9e-04, -0.0067, 0.0038, 0.0055, 0.0334, -0.0064, -0.009, 
-0.0051, 9e-04, 0.0196, 0.0065, -0.0075, -0.004, -0.0065, 5e-04, 
0.0028, 0.0082, -0.0032, -0.0132, -0.0012, -0.001, 0.0034, -0.0019, 
-0.0248, -0.0055, -0.0115, -0.0124, -0.0058, -0.0169, 0.0099, 
0.0048, -0.0032, -0.0034, -0.0047, -0.0048, -0.0069, 0.0114, 
-5e-04, -0.0017, -6e-04, 0.0051, -0.0086, -0.024, -0.0182, 0.0124, 
0.001, 0.0035, 0.0033, 0.0015, -0.0174, 0.0013, -0.011, 0.0022, 
8e-04, 0.005, 0.0138, 0.0105, 0.0048, -0.0414, -0.0166, -0.0045, 
-0.0071, 0.0093, 0.013, -0.0134, 0.0034, -0.0209, -0.0028, 0.005, 
-0.0033, -0.0119, -0.0279, -0.0141, -0.0087, 0.0174, 0.0071, 
2e-04, -0.0184, -0.0107, -0.0016, 0.0093, -8e-04, 0.0249, -0.0296, 
-0.0181, -0.001, -0.0037, -0.0189, -0.0088, 0.0014, -4e-04, -7e-04, 
0.0031, 0.0187, -0.0013, -0.0136, -0.007, 0.0066, -0.0015, -7e-04, 
0.004, -0.0069, -0.0263, -0.0182, 0.0021, 0.0059, 0.0101, -0.0095, 
-0.0084, -3e-04, -0.0084, -0.004, 0, 0.006, -0.0046, -0.0104, 
-0.0099, -0.0051, -0.005, 0.009, -0.0093, 0.0083, -9e-04, 0.0052, 
7e-04, 0.0039, -0.0058, -0.0243, -0.0098, 0.0015, -0.0054, -0.0117, 
0.0025, -0.0024, 0.0073, -0.0101, -0.0231, -0.0061, 0.0067, -6e-04, 
0.0132, -0.018, -0.0062, -0.0013, 0.0244, 0.0014, -0.0137, -0.0017, 
0.0171, 0.0101, 0.011, 0.0029, 0.0066, 0.006, -0.0028, 0.0138, 
0.0083, 0.0026, -0.0548, -0.0114, -0.0057, -0.0072, -0.007, 0.0078, 
-0.0012, -0.0071, -0.0316, 0.0139, -0.0073, 0.0018, -0.0092, 
0.0061, -0.0021, 0.0025, -0.0023, 0.0076, 0.0103, 0.0049, 0.0097, 
0.0112, -0.0422, 0.0138, 0.0013, -0.0104, 0.0077, -0.0112, -0.0191, 
-0.0054, -0.007, 0.0067, -0.002, -0.0011, 0.0013, -0.0028, -0.0062, 
-0.0152, 0.0072, -0.0164, -0.0067, -0.0048, 0.0071, 2e-04, 0.0036, 
-0.0093, -0.0045, -0.0011, 0.0011, 0.0011, -0.0165, -0.0072, 
0, -0.0064, -0.0148, -0.0066, -0.0014, -0.0069, 0.0015, 0.0029, 
0.0036, -0.0077, 0.0041, 0.0062, -0.0299, 0.0091, -0.0082, -0.0026, 
-0.0044, -0.0061, -4e-04, -6e-04, 5e-04, 0.0013, -0.0265, 2e-04, 
0.0106, -0.0102, 4e-04, -0.0101, -0.0061, -0.0043, 0.0027, 0.0106, 
1e-04, -0.0103, -0.0131, -0.0031, -0.0117, 0.0095, -0.0085, -0.0133, 
3e-04, -0.003, -0.0112, 0.0026, -0.0185, 0.0056, 0, 0.012, 0.0052, 
0.0135, 0.0185, -0.0161, -0.0017, -0.0111, 0.0239, 0.0095, -0.012, 
0.0019, -1e-04, 0.0054, -0.0322, -8e-04, -0.001, 0.0045, -0.0031, 
0.0083, 0.0117, -0.0048, 0.0088, -0.0029, 0, -7e-04, 0.0103, 
-0.0014, -0.0052, 0.0162, -0.0051, -0.0122, -0.0012, -0.0089, 
-0.0108, -0.0045, 0.0044, 0.0103, -0.0091, -0.0173, 0.0193, -0.005, 
0.0034, -0.0099, 0.0054, -0.0042, 0.0059, -0.0163, 0.013, 0.0077, 
-8e-04, -0.0068, 0.008, 0.0064, 0.0094, -0.0017, -0.0032, -0.0041, 
0.0138, 0.0034, 9e-04, 0.0076, -0.0083, -0.0092, -7e-04, -0.0176, 
0.0073, -0.0041, 0.0276, -2e-04, -0.0224, -0.0083, -0.0484, -0.0041, 
-0.0026, -3e-04, 9e-04, -0.0135, 0.0143, 0.0049, 0.0028, -0.001, 
-0.0097, 0.0053, -0.0159, 7e-04, 0.001, 0.0124, 0.0093, 0.0048, 
-0.0038, 0.0136, -0.0072, -0.0018, -0.001, 0.0104, -0.0142, -0.0079, 
0.0046, 2e-04, 0.0036, 0.0063, 4e-04, 0.028, 0.0084, 0.0114, 
-0.0132, 0.0067, 3e-04, -0.0083, -0.009, 0.0026, -0.0022, -0.0123, 
-0.012, -0.0026, 0.0129, -0.0086, -2e-04, -0.0049, -0.0219, -0.0076, 
-4e-04, 0.0173, -1e-04, -0.0035, -0.0028, -0.0099, -0.0012, -0.0028, 
-0.0176, -0.0051, 0.0135, 0.0043, -0.019, -0.005, 0.01, 0.0039, 
-0.002, 0.0109, -9e-04, -0.0326, -0.0225, -0.0025, -0.0089, 0.0046, 
-0.001, -0.0024, 0.0135, 0.0022, 0.0114, -0.0081, -0.0088, 0.0036, 
-0.0103, 0.0203, -0.0165, -0.0035, -0.0103, 0.0085, -0.0033, 
0.0132, -0.0086, 0.0025, 0, -0.0155, -0.0189, -0.0129, 8e-04, 
0.006, 0.007, -0.0086, 0.0136, -0.0209, -0.0146, -0.0069, 0.01, 
0.0019, 0.0104, -0.0077, -0.0071, -0.0328, 0.0012, -0.0076, 0.0065, 
-0.008, -6e-04, -0.014, 0.0048, 0.0047, 0.0019, -0.0136, -6e-04, 
0.0027, 0.0051, 0.0018, -0.005, -0.0092, -0.0142, 0.0033, 0.0099, 
0.0067, -0.0328, -0.0153, 0.0062, 0.0032, 0.0019, -0.004, -0.0086, 
-0.0018, 0.0295, -0.0131, 0.0112, 0.0032, 0.0128, -5e-04, -0.0134, 
-6e-04, -0.0082, -0.0217, -0.0236, -0.0047, 0.0117, 0.0052, 0.0211, 
-0.0031, 0.0116, 0.0022, 0.0086, -0.0466, -0.0059, 0.0091, 0.0258, 
-0.0228, -0.0013, -9e-04, -0.0084, 0.0194, 9e-04, -0.0026, 0.0136, 
-3e-04, -0.0084, 0.0051, -0.0147, 0.0024, -0.0124, 0.007, -0.0012, 
-0.0093, 0.0052, -0.0022, -0.0014, -0.0221, 0.0039, -0.0014, 
0.007, 0.0036, 0.0017, -0.0139, -0.0106, -0.0171, -7e-04, -0.0089, 
0.0024, -0.0031, 0.0076, -0.0106, -0.0025, -0.0029, -0.0015, 
-0.0067, -0.0066, -0.0115, -0.0051, -1e-04, -0.0095, -0.006, 
-0.001, -0.0015, 0.0061, -0.0015, -0.0224, 0.0127, 0.0175, -0.0058, 
0.0106, -0.0013, 0.0036, -0.0084, 4e-04, -0.0011, -0.0029, 0.0172, 
0.0085, 0.0144, -0.0054, -8e-04, -0.0337, -0.0129, 0.0133, 0.0044, 
0.0067, 0.001, -0.0083, -5e-04, -0.0048, -0.0067, 0.0111, -0.0343, 
-0.0106, -0.0066, -0.0087, -0.0076, -0.0014, -0.0068, -0.035, 
-0.0037, -0.0068, 0.0127, -9e-04, 0.0138, -0.0131, 8e-04, -0.0055, 
-0.0148, 1e-04, 0.0017, -0.0154, -0.0123, -0.0049, -0.0231, 0.0052, 
-0.0154, -0.0037, 0.0047, -0.0051, -0.0021, 2e-04, 0.0112, 0.007, 
-1e-04, 0.0041, 0.0062, -0.0121, -0.0145, -0.03, 0.0133, -0.0089, 
-0.0029, 0.0079, -0.0042, -0.013, 0.0114, -0.0185, 0.0047, -0.0131, 
-0.0097, 0.0105, 0.0129, -0.0576, -0.0038, 0.0036, -0.0086, 0.0108, 
-0.0052, -0.0151, 0.0073, 0.0053, -0.029, 0.0079, -0.0031, -7e-04, 
0.0029, 0, -0.0168, -4e-04, 0.0171, 0.0043, -0.0192, 8e-04, 0.0082, 
0.0065, 0.001, 0.0035, 0.0019, 0.0013, -0.0029, 3e-04, 0.0148, 
0.0048, 0.0172, -0.0028, 0.0056, -0.0098, 0.0075, 0.005, -0.006, 
-0.0114, 0.0011, 9e-04, 0.0102, -0.0058, 0.0061, -0.0017, -0.0023, 
0.0019, -0.0078, 0.0176, -0.0162, -0.0124, 0.0031, -0.0081, 0.0114, 
0.0066, -0.0043, -0.0034, -0.0084, -0.0106, -0.0227, 0.0055, 
-0.0145, 0.0071, 0.0045, -0.0079, 0.0054, -0.0097, -0.0171, 0.0089, 
-0.0171, 0.0037, -0.0099, 0.0046, -0.0154, 0.0025, 0.0162, -0.0172, 
0.0061, 0.0032, 7e-04, 0.0105, -0.0057, 0.0081, 0.0064, 0, -0.0147, 
0.0052, -0.0092, 0.0038, 0.0084, 0.0073, -0.0058, -0.0092, 0.0128, 
0.0072, -0.0116, 0.0012, -0.0061, 7e-04, -0.0023, 0.005, 0.0036, 
-5e-04, -0.001, -3e-04, 0.0043, 0.0138, -0.0017, -0.0027, 0.0134, 
-0.0071, 0.0065, -0.0096, 0.0075, 0.0066, 0.009, 0.0051, -0.0074, 
-0.0372, -0.002, -0.0014, -0.0125, 0.0039, 0.0088, -0.0308, -0.012, 
0.0166, 0, -0.0158, 0.0093, -0.0037, -0.0118, -0.0236, -0.0192, 
-0.0261, -0.008, -8e-04, -0.007, -0.004, -0.0139, 0.024, 0.006, 
-0.0023, -0.0071, 0.0259, -0.0017, -0.008, -0.0107, 0.0061, -0.0044, 
0.0034, 0.0043, 0.0076, -0.0051, 0.0036, -0.0053, -0.0067, -0.0046, 
-0.006, -0.0239, -0.0038, -0.001, 0.0139, 1e-04, -0.0027, 0.0106, 
-0.0078, -2e-04, -0.0101, -0.0072, -0.0184, -0.0062, -0.0017, 
0.0053, 0.0048, -5e-04, 0.0156, -0.0025, 0.0113, 0.0029, 0.0114, 
1e-04, 0.0218, -0.0181, -0.007, -0.0057, -0.0109, -0.0097, -0.0059, 
-0.0068, 0.0126, -0.0031, 0.0075, 0.0024, -0.0448, 0.0015, -0.0074, 
0.0089, -0.0027, 0.0076, -0.0225, -0.0188, -0.0332, -0.0028, 
0.0019, 0.0056, -0.0083, -8e-04, -0.0025, -0.003, -0.0102, 0.0051, 
-0.0053, 0.0064, -0.0074, 0.0051, 0.0064, -0.0156, -0.0021, -0.0128, 
0.0026, 0.0109, -0.001, -0.0057, -0.0027, 0.0032, 0.0014, -0.0048, 
0.0013, 0.0032, 0.0047, -0.0066, -0.0076, 0.0087, -0.005, -0.0069, 
-0.0045, 9e-04, 0.0091, -0.0183, -0.0028, -0.0016, 0.0053, -0.0079, 
-3e-04, -0.0109, -0.0075, -0.008, 0.0197, -0.001, -0.0012, 0.0012, 
0.005, 0.0273, 0.0054, 0.001, -0.0249, 0.0155, -0.0037, 0.0108, 
0.0119, -0.0046, 0.0429, -0.0102, 0.0113, -0.0064, -0.0101, 0.0079, 
0.0072, -0.0181, -0.0021, -0.0043, -0.02, 0.0034, 0.0106, -0.0137, 
0.0085, 0.0051, 0.0086, 0.0019, 0.0092, 0.0058, 0.0082, 0.0058, 
0.008, -0.0036, 0.0026, -0.0053, -0.0093, -0.0091, 0.0024, 0.0109, 
0.0281, -0.0053, 0.014, 0.0138, 0.0136, 0.0158, 0.0077, -0.0088, 
-0.0112, 0.0012, -0.0095, -0.0048, -0.0172, 0.0084, -0.0067, 
0.006, 0.0095, 0.0042, -0.0271, 0.0071, -0.039, -0.0037, -0.0039, 
-0.0169, -0.0031, -0.0174, -8e-04, -0.0138, -0.0093, -0.0042, 
-0.0108, -0.0266, -0.024, -0.0428, -0.0014, -0.0105, 0.0084, 
-0.002, -0.0308, -0.0371, -0.0156, -0.0042, 0.0029, -0.0022, 
-6e-04, -0.0094, 0.0035, 6e-04, -0.0077, 0.0066, -0.0132, 8e-04, 
-0.0173, -0.0076, -0.0015, -0.0083, -0.0137, -0.0141, -0.0149, 
0.0036, -0.0113, -0.0116, -0.0139, -0.0135, 0.0228, -0.0146, 
-0.0169, 0.0092, -0.013, -0.0058, -0.0079, -0.0173, 0.0016, -0.0035, 
-0.009, -6e-04, -0.0039, 0.0039, -4e-04, 0.0074, -4e-04, -0.0049, 
0.0182, -0.0225, -0.0101, 0.0034, -0.0061, -0.0022, 0.021, -0.0028, 
0.0026, -0.0041, -0.0036, -0.0082, 0.0033, 0.0048, -0.012, -0.0041, 
-0.0102, 0.002, 6e-04, -0.0048, -0.0033, -0.0034, -0.0092, -0.0069, 
-0.0166, -0.0325, -0.0143, 0.0068, 0.0036, 0.0016, -0.0042, -0.0054, 
-0.0232, 0.0237, 0.0151, 0.0077, -0.0027, 0.0042, -0.0078, 0.008, 
-0.014, -0.0055, -0.0058, 0.007, -0.0061, -0.0074, 0.0026, -0.0238, 
-0.0048, -0.0014, -0.0168, 0.0401, 0.0057, -0.0061, 0.0146, 0.0052, 
-0.0052, -0.0409, -0.0109, -0.0232, 0.0094, -6e-04, -0.0074, 
0.0126, 5e-04, 0.0047, 0.0107, 0.0033, 0.0034, -0.0149, -0.0111, 
0.0011, 0.007, -0.0099, 0.0097, -0.0115, 0.0018, -0.0138, 0.0055, 
0.0048, 1e-04, -0.0159, 0.0033, 0.0175, 0.0599, 0.0321, -0.0055, 
-0.0178, -0.0598, 0.0132, -0.0295, -0.0032, -0.0035, -0.0054, 
0.0213, -0.0048, -0.004, 0.0094, 0.0209, -9e-04, -0.0017, -0.0041, 
-0.0017, -7e-04, -0.009, -0.0066, 0.0034, -6e-04, 0.0053, 0.004, 
0.0098, 0.0048, 0.0134, -0.0079, 5e-04, 0.0024, 0.0111, -0.0033, 
0.0063, -0.001, 0.0085, -0.0084, -0.0282, -4e-04, 0.0055, 0.005, 
0.0093, 0.0046, -0.0179, -0.0136, 0.0041, 0.0078, 0.0035, 0.0392, 
-0.0053, 0.0117, 0.0292, 0.0044, -0.0112, -0.0096, 0.0133, 0.0074, 
-0.0122, -0.0075, -0.0116, 0.021, -0.0227, 0.0068, -0.0023, -0.0111, 
-0.0132, -0.0025, -0.0129, -0.0021, -9e-04, 0.0102, -0.008, -0.0021, 
0.004, 0.0116, -0.0087, -0.0077, 0.0034, -0.0033, 0.0385, -0.0057, 
-0.0058, -0.0024, -0.0036, -0.0064, 0.0085, 0.0437, 0.0012, 0.0085, 
-0.0428, -0.036, 0.0039, 0.002, -0.0075, -0.0053, -0.0043, -0.0023, 
-0.0238, 0.0218, -0.0087, -0.0054, -0.0013, 0.0067, -0.0135, 
0.0062, 4e-04, 0.0069, 0.0073, -3e-04, 0.0076, 6e-04, 0.0052, 
-0.006, -0.0122, 0.0155, 0.0012, 0.0068, -1e-04, 0.0097, 1e-04, 
-0.0044, -0.0096, 0.0252), betaXse = c(0.0016, 0.0016, 0.0015, 
0.0015, 0.0022, 0.0018, 0.0018, 0.0015, 0.002, 0.0016, 0.0019, 
0.0015, 0.0014, 0.0021, 0.0016, 0.0018, 0.0014, 0.0015, 0.0014, 
0.0018, 0.0015, 0.0017, 0.0014, 0.0015, 0.0014, 0.0016, 0.0014, 
0.0019, 0.0016, 0.0026, 0.0017, 0.0015, 0.0021, 0.0015, 0.0015, 
0.0026, 0.0015, 0.0016, 0.0018, 0.0017, 0.0014, 0.0019, 0.0019, 
0.0015, 0.0015, 0.0025, 0.003, 0.0014, 0.0033, 0.0015, 0.0014, 
0.0023, 0.0016, 0.0014, 0.0017, 0.0017, 0.0015, 0.0021, 0.0034, 
0.0015, 0.0017, 0.0017, 0.0016, 0.0016, 0.0015, 0.0022, 0.0021, 
0.0017, 0.0014, 0.0025, 0.0019, 0.0014, 0.0014, 0.002, 0.0016, 
0.0015, 0.0023, 0.0024, 0.0039, 0.0018, 0.0014, 0.0018, 0.0014, 
0.0017, 0.0017, 0.0016, 0.0021, 0.0024, 0.0024, 0.0015, 0.0015, 
0.0017, 0.006, 0.0023, 0.0019, 0.0021, 0.0014, 0.0017, 0.0016, 
0.0029, 0.0015, 0.0015, 0.0018, 0.0016, 0.0024, 0.004, 0.0014, 
0.0031, 0.0015, 0.0024, 0.0017, 0.0039, 0.0018, 0.0017, 0.0015, 
0.0014, 0.0017, 0.0015, 0.0016, 0.0014, 0.0015, 0.0018, 0.0015, 
0.0025, 0.0014, 0.0014, 0.0016, 0.0015, 0.0016, 0.0018, 0.0014, 
0.0014, 0.0017, 0.0014, 0.0014, 0.0015, 0.0015, 0.0016, 0.0061, 
0.0014, 0.0016, 0.0016, 0.0029, 0.0015, 0.002, 0.0022, 0.0014, 
0.0018, 0.0015, 0.0015, 0.0015, 0.0017, 0.0015, 0.0016, 0.0018, 
0.0018, 0.0018, 0.0014, 0.0015, 0.0015, 0.0014, 0.0017, 0.0015, 
0.0019, 0.003, 0.0016, 0.0014, 0.0019, 0.0014, 0.0015, 0.0014, 
0.0014, 0.0014, 0.0015, 0.0024, 0.0018, 0.0018, 0.0015, 0.0021, 
0.0014, 0.0037, 0.0016, 0.0021, 0.0038, 0.0014, 0.0017, 0.0028, 
0.0016, 0.0014, 0.0014, 0.0014, 0.0014, 0.0014, 0.0015, 0.0014, 
0.0015, 0.0016, 0.0014, 0.0014, 0.0035, 0.0018, 0.0015, 0.0019, 
0.0018, 0.0015, 0.0019, 0.0014, 0.0017, 0.0021, 0.0014, 0.0014, 
0.0023, 0.0018, 0.0019, 0.0026, 0.0015, 0.0015, 0.0037, 0.0014, 
0.0027, 0.0055, 0.0027, 0.0017, 0.0026, 0.0014, 0.0014, 0.0023, 
0.0016, 0.0017, 0.0015, 0.0015, 0.0016, 0.0015, 0.0027, 0.0015, 
0.0017, 0.0016, 0.0014, 0.0031, 0.0015, 0.004, 0.0023, 0.0018, 
0.002, 0.0015, 0.0015, 0.0016, 0.0033, 0.0015, 0.0016, 0.0015, 
0.0031, 0.0015, 0.0015, 0.0014, 0.0028, 0.0015, 0.0014, 0.0014, 
0.0015, 0.0014, 0.0032, 0.0019, 0.0014, 0.0014, 0.0014, 0.0018, 
0.002, 0.0027, 0.0015, 0.002, 0.0018, 0.0016, 0.0015, 0.0014, 
0.0024, 0.0014, 0.0015, 0.0016, 0.0017, 0.0016, 0.0015, 0.0035, 
0.0015, 0.0027, 0.0014, 0.0026, 0.0022, 0.0016, 0.0017, 0.0016, 
0.0017, 0.0019, 0.0039, 0.0018, 0.0016, 0.0015, 0.0016, 0.0014, 
0.0014, 0.0014, 0.0019, 0.0015, 0.0023, 0.0015, 0.0023, 0.0014, 
0.0014, 0.0043, 0.0039, 0.0018, 0.0021, 0.0019, 0.002, 0.0014, 
0.0016, 0.0018, 0.0017, 0.0014, 0.0015, 0.0048, 0.0016, 0.0015, 
0.0018, 0.0015, 0.0014, 0.0014, 0.0021, 0.002, 0.0015, 0.0015, 
0.0018, 0.0021, 0.002, 0.0017, 0.0019, 0.0033, 0.0014, 0.0023, 
0.0016, 0.0038, 0.0015, 0.0021, 0.0014, 0.0015, 0.002, 0.0018, 
0.0017, 0.0017, 0.0014, 0.0015, 0.0014, 0.005, 0.0014, 0.0014, 
0.0017, 0.0014, 0.0019, 0.0015, 0.0015, 0.0018, 0.0016, 0.0022, 
0.0015, 0.0025, 0.0025, 0.0014, 0.0014, 0.0014, 0.0018, 0.0016, 
0.0014, 0.0014, 0.0015, 0.0016, 0.0023, 0.0024, 0.0016, 0.0025, 
0.0022, 0.0018, 0.0016, 0.0014, 0.0014, 0.0016, 0.0032, 0.004, 
0.0016, 0.0019, 0.0015, 0.002, 0.0015, 0.0015, 0.0019, 0.0015, 
0.003, 0.0014, 0.0017, 0.0017, 0.0017, 0.0024, 0.0025, 0.0023, 
0.0014, 0.0015, 0.0016, 0.0018, 0.0014, 0.0015, 0.0014, 0.0015, 
0.0015, 0.0016, 0.0015, 0.0014, 0.0015, 0.0014, 0.0014, 0.0015, 
0.002, 0.0015, 0.0014, 0.0015, 0.0016, 0.0022, 0.0015, 0.0016, 
0.0018, 0.0015, 0.0019, 0.0015, 0.0015, 0.0015, 0.0015, 0.0019, 
0.0014, 0.0025, 0.0015, 0.0031, 0.0015, 0.0018, 0.0024, 0.0039, 
0.002, 0.0014, 0.0016, 0.0024, 0.0015, 0.0014, 0.0032, 0.0014, 
0.0015, 0.0018, 0.0043, 0.0021, 0.0016, 0.0016, 0.0017, 0.0021, 
0.0028, 0.0016, 0.0014, 0.0015, 0.0016, 0.0015, 0.0015, 0.0014, 
0.002, 0.0015, 0.0016, 0.0018, 0.0015, 0.0029, 0.0016, 0.0043, 
0.0015, 0.0017, 0.0021, 0.0032, 0.0016, 0.0014, 0.0016, 0.0014, 
0.0028, 0.0016, 0.0015, 0.0024, 0.0014, 0.0015, 0.0015, 0.0015, 
0.0015, 0.0015, 0.0015, 0.0015, 0.0035, 0.0039, 0.0016, 0.0021, 
0.0015, 0.0014, 0.0014, 0.0014, 0.0014, 0.0018, 0.0016, 0.0023, 
0.0019, 0.0038, 0.0026, 0.0022, 0.0029, 0.0017, 0.0015, 0.0015, 
0.0016, 0.0018, 0.0014, 0.0026, 0.0015, 0.0017, 0.0016, 0.0028, 
0.002, 0.0015, 0.0016, 0.002, 0.0015, 0.0016, 0.0015, 0.0015, 
0.0065, 0.0024, 0.0018, 0.0014, 0.0014, 0.0016, 0.0025, 0.0016, 
0.0034, 0.0032, 0.0014, 0.0016, 0.0015, 0.0016, 0.0015, 0.0018, 
0.0021, 0.0014, 0.0015, 0.0018, 0.0021, 0.0014, 0.0045, 0.0017, 
0.0025, 0.0017, 0.0014, 0.0017, 0.0019, 0.0027, 0.0017, 0.0016, 
0.0015, 0.0017, 0.002, 0.0019, 0.0014, 0.0016, 0.0017, 0.0026, 
0.0014, 0.0014, 0.0015, 0.0034, 0.0027, 0.0017, 0.002, 0.0014, 
0.0016, 0.0015, 0.0014, 0.0015, 0.0015, 0.0014, 0.0072, 0.0015, 
0.0027, 0.0023, 0.0043, 0.0014, 0.0023, 0.0017, 0.0017, 0.0017, 
0.0015, 0.0017, 0.0015, 0.0014, 0.0014, 0.0014, 0.002, 0.0016, 
0.0016, 0.0014, 0.0014, 0.0014, 0.002, 0.0016, 0.0017, 0.0015, 
0.0018, 0.0018, 0.0015, 0.0015, 0.0055, 0.0014, 0.0041, 0.0016, 
0.0017, 0.0014, 0.0015, 0.0015, 0.0039, 0.0014, 0.0015, 0.0017, 
0.0045, 0.0046, 0.0015, 0.0015, 0.0015, 0.0023, 0.0019, 0.0037, 
0.0022, 0.0016, 0.0015, 0.0018, 0.0071, 0.0016, 0.0022, 0.0025, 
0.0019, 0.0016, 0.002, 0.0014, 0.0015, 0.0014, 0.0023, 0.0017, 
0.0015, 0.0015, 0.0014, 0.0016, 0.0015, 0.0016, 0.0025, 0.0028, 
0.0015, 0.0022, 0.0018, 0.0015, 0.0027, 0.0018, 0.0025, 0.0015, 
0.0018, 0.0017, 0.0015, 0.0018, 0.0025, 0.0027, 0.002, 0.0034, 
0.0016, 0.0014, 0.0015, 0.0037, 0.0016, 0.0038, 0.0014, 0.0023, 
0.0016, 0.0026, 0.0015, 0.0028, 0.0014, 0.0018, 0.0015, 0.0014, 
0.0016, 0.0023, 0.0018, 0.0017, 0.0015, 0.0023, 0.0015, 0.0014, 
0.0015, 0.0014, 0.002, 0.0015, 0.0036, 0.0021, 0.0016, 0.0015, 
0.002, 0.0015, 0.0015, 0.0014, 0.0019, 0.0026, 0.0017, 0.0025, 
0.0018, 0.0014, 0.0018, 0.0018, 0.0022, 0.0014, 0.0019, 0.0015, 
0.0024, 0.0014, 0.0014, 0.0023, 0.0014, 0.0015, 0.0018, 0.0014, 
0.0014, 0.0015, 0.0016, 0.0017, 0.0015, 0.0015, 0.0015, 0.0014, 
0.0014, 0.0014, 0.0014, 0.0019, 0.0017, 0.0015, 0.0016, 0.0018, 
0.0015, 0.0014, 0.0016, 0.0023, 0.0028, 0.0015, 0.0015, 0.002, 
0.0014, 0.0016, 0.0038, 0.0014, 0.0015, 0.0014, 0.0014, 0.0023, 
0.002, 0.0015, 0.0031, 0.0019, 0.0021, 0.0014, 0.0017, 0.0014, 
0.0019, 0.0039, 0.0015, 0.0014, 0.0016, 0.0014, 0.0014, 0.002, 
0.0015, 0.0014, 0.0014, 0.0017, 0.0014, 0.0015, 0.0018, 0.0031, 
0.0017, 0.0046, 0.0015, 0.0017, 0.0033, 0.0015, 0.0051, 0.0014, 
0.0016, 0.0016, 0.0015, 0.002, 0.0033, 0.0018, 0.0016, 0.0015, 
0.0033, 0.0015, 0.0017, 0.0017, 0.0015, 0.0015, 0.0014, 0.0018, 
0.0021, 0.002, 0.0015, 0.0014, 0.0058, 0.0017, 0.0025, 0.0016, 
0.0017, 0.0016, 0.0015, 0.0022, 0.0017, 0.0019, 0.0015, 0.0015, 
0.0024, 0.0014, 0.002, 0.0016, 0.0015, 0.0022, 0.0018, 0.0015, 
0.0019, 0.0015, 0.0023, 0.002, 0.0025, 0.0025, 0.0015, 0.0014, 
0.0017, 0.002, 0.0018, 0.0015, 0.0017, 0.0017, 0.0031, 0.0018, 
0.0019, 0.005, 0.0025, 0.0016, 0.0015, 0.0062, 0.0015, 0.0015, 
0.0016, 0.0015, 0.0017, 0.0015, 0.0014, 0.0015, 0.0018, 0.0015, 
0.0038, 0.0017, 0.0016, 0.0014, 0.0016, 0.0014, 0.0016, 0.0018, 
0.0014, 0.0016, 0.0017, 0.0015, 0.0015, 0.0016, 0.0015, 0.0018, 
0.0031, 0.0014, 0.0015, 0.003, 0.0014, 0.0017, 0.0014, 0.0014, 
0.0017, 0.0017, 0.0015, 0.0027, 0.0016, 0.0017, 0.0015, 0.0014, 
0.0022, 0.0017, 0.0016, 0.0014, 0.0014, 0.0017, 0.0017, 0.0015, 
0.0017, 0.0031, 0.0039, 0.0018, 0.0021, 0.0047, 0.0016, 0.0021, 
0.0017, 0.0059, 0.0016, 0.0022, 0.0017, 0.002, 0.0015, 0.0015, 
0.0016, 0.0016, 0.0016, 0.002, 0.0025, 0.0015, 0.002, 0.006, 
0.0028, 0.0015, 0.0016, 0.0015, 0.0017, 0.0033, 0.0029, 0.0019, 
0.0014, 0.0019, 0.002, 0.0018, 0.0017, 0.0014, 0.002, 0.0016, 
0.0018, 0.0016, 0.0015, 0.0018, 0.0015, 0.0017, 0.0026, 0.0018, 
0.0015, 0.0014, 0.0016, 0.0015, 0.0016, 0.0017, 0.0023, 0.0021, 
0.0019, 0.0015, 0.0015, 0.0021, 0.0015, 0.0038, 0.0021, 0.0032, 
0.0015, 0.0016, 0.0016, 0.0022, 0.0016, 0.0015, 0.0015, 0.0023, 
0.0026, 0.0016, 0.0015, 0.0014, 0.0015, 0.0018, 0.0016, 0.0015, 
0.0014, 0.0027, 0.0015, 0.0016, 0.0016, 0.0014, 0.0023, 0.0016, 
0.0038, 0.0018, 0.0029, 0.0016, 0.0023, 0.002, 0.0017, 0.0015, 
0.0017, 0.0017, 0.0016, 0.0016, 0.0018, 0.0015, 0.0014, 0.002, 
0.0015, 0.0016, 0.0014, 0.0014, 0.0021, 0.0014, 0.0014, 0.0017, 
0.0015, 0.0016, 0.0017, 0.0024, 0.002, 0.0015, 0.0016, 0.0015, 
0.0026, 0.0014, 0.0028, 0.0015, 0.0018, 0.0017, 0.0015, 0.0015, 
0.0016, 0.0026, 0.0015, 0.0015, 0.0021, 0.0017, 0.0016, 0.0015, 
0.0015, 0.0016, 0.0016, 0.0021, 0.0015, 0.0023, 0.0015, 0.0015, 
0.0022, 0.0025, 0.0015, 0.0018, 0.0018, 0.0014, 0.0017, 0.0016, 
0.0015, 0.0017, 0.0015, 0.0021, 0.0015, 0.0017, 0.0014, 0.0018, 
0.0015, 0.0014, 0.0014, 0.0016, 0.0021, 0.0016, 0.0014, 0.0017, 
0.0017, 0.0016, 0.0017, 0.002, 0.0029, 0.0015, 0.0015, 0.0014, 
0.0015, 0.0027, 0.0015, 0.002, 0.0017, 0.0015, 0.0014, 0.0015, 
0.0014, 0.0017, 0.002, 0.0031, 0.0015, 0.0019, 0.0015, 0.0026, 
0.002, 0.0014, 0.0028, 0.0015, 0.0019, 0.0015, 0.0023, 0.0015, 
0.0015, 0.0017, 0.0014, 0.0015, 0.0015, 0.0014, 0.0015, 0.0017, 
0.0015, 0.0015, 0.0015, 0.003, 0.0016, 0.0015, 0.0014, 0.0015, 
0.0024, 0.0017, 0.0017, 0.0014, 0.0015, 0.0021, 0.0015, 0.0014, 
0.0015, 0.002, 0.0019, 0.0019, 0.0024, 0.0016, 0.0015, 0.0014, 
0.0014, 0.0017, 0.0018, 0.0014, 0.0031, 0.0021, 0.0016, 0.0029, 
0.0015, 0.0025, 0.0015, 0.0014, 0.0016, 0.0017, 0.0015, 0.0014, 
0.0016, 0.0015, 0.0014, 0.0015, 0.0015, 0.0016, 0.0014, 0.0014, 
0.0018, 0.0018, 0.0015, 0.003, 0.0035, 0.0015, 0.0015, 0.0021, 
0.0014, 0.0034, 0.0014, 0.0016, 0.0019, 0.0015, 0.0015, 0.0027, 
0.0015, 0.0028, 0.0015, 0.0016, 0.0029, 0.002, 0.0014, 0.0022, 
0.0014, 0.005, 0.0015, 0.0015, 0.0016, 0.0017, 0.0021, 0.0015, 
0.0015, 0.0023, 0.0017, 0.0014, 0.004, 0.0018, 0.0014, 0.0015, 
0.0015, 0.0015, 0.0017, 0.0018, 0.0021, 0.0015, 0.0015, 0.0019, 
0.0015, 0.0016, 0.0014, 0.0015, 0.0017, 0.0016, 0.0014, 0.0015, 
0.0015, 0.002, 0.0015, 0.0014, 0.0016, 0.0026, 0.0015, 0.0025, 
0.0026, 0.0019, 0.0028, 0.0014, 0.0015, 0.0024, 0.0015, 0.0024, 
0.0018, 0.0031, 0.0014, 0.0014, 0.0014, 0.0034, 0.0015, 0.0016, 
0.0017, 0.0014, 0.0018, 0.0019, 0.0024, 0.0034, 0.0016, 0.0016, 
0.0017, 0.0016, 0.0014, 0.0016, 0.0018, 0.0014, 0.0015, 0.0018, 
0.0016, 0.0045, 0.0015, 0.0037, 0.0027, 0.0015, 0.0042, 0.0014, 
0.0043, 0.0015, 0.0026, 0.0015, 0.0042, 0.0019, 0.0028, 0.0024, 
0.0016, 0.0021, 0.0015, 0.0014, 0.0023, 0.003, 0.0015, 0.0014, 
0.0029, 0.0017, 0.0029, 0.0014, 0.0015, 0.0015, 0.004, 0.0015, 
0.0015, 0.0024, 0.0016, 0.0019, 0.0015, 0.0019, 0.0022, 0.0018, 
0.0017, 0.0014, 0.0015, 0.0015, 0.0015, 0.0023, 0.0015, 0.0022, 
0.0014, 0.0035, 0.0059, 0.0048, 0.0025, 0.0024, 0.0014, 0.002, 
0.0025, 0.002, 0.0023, 0.0032, 0.0014, 0.0016, 0.0015, 0.0015, 
0.0018, 0.0014, 0.0017, 0.002, 0.0024, 0.0015, 0.0021, 0.0014, 
0.0021, 0.0014, 0.003, 0.0016, 0.0018, 0.0014, 0.0016, 0.0018, 
0.0014, 0.0015, 0.002, 0.0021, 0.0023, 0.0019, 0.0021, 0.0019, 
0.0017, 0.0024, 0.0021, 0.0016, 0.0018, 0.0015, 0.0021, 0.0016, 
0.002, 0.0015, 0.0015, 0.0038, 0.0018, 0.0027, 0.003, 0.0062, 
0.0015, 0.0015, 0.0022, 0.0016, 0.0027, 0.0015, 0.0015, 0.0015, 
0.0015, 0.0029, 0.0019, 0.0016, 0.0014, 0.0017, 0.0016, 0.0015, 
0.0015, 0.0019, 0.0015, 0.0021, 0.0017, 0.0015, 0.0018, 0.0015, 
0.0017, 0.0017, 0.0017, 0.0016, 0.0017, 0.0021, 0.0021, 0.0015, 
0.0017, 0.0023, 0.0022, 0.0015, 0.0019, 0.0017, 0.0017, 0.0015, 
0.0032, 0.0017, 0.0018, 0.0021, 0.0018, 0.0015, 0.0016, 0.0014, 
0.0023, 0.0019, 0.0022, 0.0014, 0.0022, 0.0018, 0.0026, 0.0028, 
0.0015, 0.0015, 0.0015, 0.002, 0.0022, 0.0017, 0.0018, 0.0019, 
0.0015, 0.0014, 0.0036, 0.0029, 0.0017, 0.0016, 0.0057, 0.0018, 
0.0016, 0.0024, 0.0019, 0.0021, 0.0014, 0.0016, 0.0018, 0.0036, 
0.0015, 0.0018, 0.0014, 0.0025, 0.0033, 0.0015, 0.0016, 0.0017, 
0.0024, 0.0024, 0.0029, 0.0018, 0.0015, 0.0018, 0.0024, 0.0016, 
0.002, 0.0022, 0.0019, 0.0015, 0.0026, 0.0024, 0.0019, 0.0014, 
0.0034, 0.0035, 0.0016, 0.0018, 0.0015, 0.0015, 0.0014, 0.0016, 
0.0015, 0.0014, 0.0018, 0.0018, 0.0014, 0.0015, 0.0017, 0.0014, 
0.0024, 0.002, 0.0019, 0.0018, 0.0015, 0.0018, 0.0015, 0.0015, 
0.0039, 0.0017, 0.0014, 0.0015, 0.0016, 0.0022, 0.0025, 0.0016, 
0.002, 0.0018, 0.0018, 0.0014, 0.0016, 0.0015, 0.0036, 0.0021, 
0.0015, 0.002, 0.0025, 0.0021, 0.0044, 0.0015, 0.0016, 0.0015, 
0.0025, 0.0016, 0.0014, 0.0015, 0.0015, 0.0015, 0.0016, 0.0016, 
0.0021, 0.0025, 0.0014, 0.0032, 0.0018, 0.0014, 0.0015, 0.0018, 
0.0015, 0.0016, 0.0016, 0.0021, 0.0015, 0.0017, 0.0019, 0.0014, 
0.0015, 0.0018, 0.0015, 0.0016, 0.0019, 0.0015, 0.0019, 0.0014, 
0.0015, 0.0015, 0.0019, 0.0015, 0.002, 0.0015, 0.0016, 0.0016, 
0.0015, 0.0015, 0.0019, 0.0016, 0.0017, 0.0016, 0.0015, 0.0019, 
0.0021, 0.0014, 0.0015, 0.0014, 0.0016, 0.0015, 0.0047, 0.0015, 
0.0017, 0.0018, 0.0014, 0.0016, 0.0014, 0.0015, 0.0027, 0.0016, 
0.0014, 0.0029, 0.0021, 0.0016, 0.0017, 0.0015, 0.0016, 0.0015, 
0.0015, 0.0021, 0.0015, 0.0019, 0.002, 0.0017, 0.0017, 0.0015, 
0.0018, 0.0018, 0.0017, 0.0015, 0.0029, 0.0015, 0.0018, 0.002, 
0.0018, 0.0015, 0.0016, 0.0015, 0.0016, 0.0015, 0.0014, 0.0017, 
0.0029, 0.0016, 0.0025, 0.0016, 0.0015, 0.0019, 0.0017, 0.0018, 
0.0029, 0.0015, 0.0017, 0.0017, 0.0022, 0.0026, 0.0019, 0.0016, 
0.0014, 0.0016, 0.0014, 0.0014, 0.0015, 0.0022, 0.0016, 0.0032, 
0.0015, 0.0026, 0.0032, 0.0015, 0.0019, 0.0014, 0.002, 0.0015, 
0.0018, 0.0019, 0.0017, 0.0015, 0.0017, 0.0014, 0.0048, 0.0028, 
0.0017, 0.002, 0.0016, 0.0014, 0.0015, 0.0017, 0.0015, 0.0017, 
0.0014, 0.0017, 0.0032, 0.0016, 0.0018, 0.0014, 0.0015, 0.0015, 
0.0051, 0.0015, 0.0017, 0.0015, 0.0023, 0.0031, 0.0016, 0.0019, 
0.0014, 0.0024, 0.0021, 0.0014, 0.0014, 0.0018, 0.0015, 0.0014, 
0.0015, 0.002, 0.002, 0.0015, 0.0023, 0.0014, 0.0015, 0.0014, 
0.0015, 0.0016, 0.0016, 0.0019, 0.0017, 0.0015, 0.002, 0.0014, 
0.0015, 0.0016, 0.0016, 0.0016, 0.0015, 0.0015, 0.0015, 0.0016, 
0.0014, 0.0016, 0.0015, 0.0016, 0.0015, 0.0015, 0.0016, 0.0019, 
0.0016, 0.0015, 0.0015, 0.0015, 0.0016, 0.0026, 0.0019, 0.0018, 
0.0033, 0.0027, 0.0014, 0.0019, 0.0018, 0.0014, 0.0041, 0.0021, 
0.0017, 0.0022, 0.0035, 0.0018, 0.0016, 0.0033, 0.0017, 0.0014, 
0.0016, 0.0016, 0.0015, 0.0016, 0.0022, 0.0022, 0.0016, 0.0026, 
0.0016, 0.0031, 0.0027, 0.0015, 0.0015, 0.002, 0.0029, 0.0018, 
0.0017, 0.003, 0.0016, 0.0027, 0.0018, 0.0019, 0.0025, 0.0024, 
0.0018, 0.0017, 0.0017, 0.002, 0.0054, 0.0023, 0.0015, 0.0019, 
0.0018, 0.0014, 0.0017, 0.0019, 0.0021, 0.0029, 0.0015, 0.0017, 
0.0014, 0.0015, 0.005, 0.002, 0.0015, 0.003, 0.0018, 0.005, 0.0016, 
0.0015, 0.0039, 0.0016, 0.0015, 0.0023, 0.0015, 0.0015, 0.0018, 
0.0016, 0.0017, 0.0014, 0.0015, 0.0017, 0.0015, 0.0015, 0.0016, 
0.0023, 0.0014, 0.0015, 0.0016, 0.0022, 0.0015, 0.0015, 0.0036, 
0.0019, 0.0015, 0.0014, 0.0019, 0.0016, 0.0019, 0.0018, 0.0015, 
0.0017, 0.0014, 0.0016, 0.0014, 0.0019, 0.0015, 0.0018, 0.0014, 
0.0015, 0.0015, 0.0015, 0.0019, 0.0015, 0.0024, 0.0016, 0.0039, 
0.002, 0.0015, 0.0015, 0.0015, 0.002, 0.003, 0.0018, 0.0017, 
0.0022, 0.0016, 0.0019, 0.0014, 0.0014, 0.0015, 0.0017, 0.0019, 
0.0022, 0.0015, 0.0016, 0.0014, 0.0014, 0.0016, 0.0025, 0.0015, 
0.0015, 0.0015, 0.0021, 0.0016, 0.0017, 0.0015, 0.0015, 0.002, 
0.0021, 0.0025, 0.0015, 0.0015, 0.0051, 0.0015, 0.0022, 0.0016, 
0.0017, 0.0015, 0.0015, 0.0016, 0.0027, 0.0021, 0.0016, 0.0026, 
0.0017, 0.0019, 0.0014, 0.0039, 0.0016, 0.002, 0.0026, 0.0015, 
0.0018, 0.0015, 0.0015, 0.0018, 0.0017, 0.0014, 0.0014, 0.0018, 
0.0016, 0.0018, 0.0015, 0.0023, 0.0018, 0.0022), betaYse = c(0.0063, 
0.006, 0.0061, 0.006, 0.0077, 0.0073, 0.0071, 0.0058, 0.007, 
0.0066, 0.0078, 0.0059, 0.0057, 0.0075, 0.0062, 0.0069, 0.0057, 
0.0059, 0.0058, 0.0071, 0.0059, 0.0065, 0.0056, 0.006, 0.0056, 
0.0063, 0.0051, 0.0076, 0.0065, 0.0095, 0.007, 0.0059, 0.0077, 
0.0061, 0.0059, 0.0108, 0.0052, 0.0065, 0.0074, 0.0071, 0.0056, 
0.0076, 0.0073, 0.0059, 0.0061, 0.0097, 0.0115, 0.0057, 0.0118, 
0.0062, 0.0056, 0.0091, 0.0064, 0.0057, 0.0065, 0.007, 0.006, 
0.0082, 0.0143, 0.0059, 0.0071, 0.0067, 0.0063, 0.0063, 0.0058, 
0.0091, 0.0083, 0.0071, 0.0057, 0.0097, 0.0074, 0.0057, 0.0057, 
0.0079, 0.0061, 0.0057, 0.0086, 0.01, 0.0147, 0.007, 0.0057, 
0.007, 0.0058, 0.0065, 0.0069, 0.0063, 0.008, 0.0085, 0.01, 0.006, 
0.006, 0.0064, 0.0254, 0.009, 0.0072, 0.0085, 0.0057, 0.0068, 
0.0066, 0.0106, 0.0059, 0.0059, 0.0071, 0.0062, 0.0092, 0.015, 
0.0056, 0.0124, 0.006, 0.0098, 0.0062, 0.0141, 0.0075, 0.0067, 
0.0058, 0.0051, 0.007, 0.0061, 0.0062, 0.0056, 0.0062, 0.0071, 
0.0061, 0.0093, 0.0058, 0.0056, 0.0061, 0.0059, 0.0062, 0.0072, 
0.0052, 0.0057, 0.007, 0.0057, 0.0057, 0.0057, 0.0059, 0.0062, 
0.0243, 0.0058, 0.0063, 0.0057, 0.0119, 0.0062, 0.0076, 0.009, 
0.0051, 0.0069, 0.0061, 0.006, 0.0062, 0.007, 0.0059, 0.0063, 
0.0072, 0.0071, 0.0073, 0.0056, 0.006, 0.0059, 0.0058, 0.0068, 
0.0061, 0.0077, 0.012, 0.0063, 0.0058, 0.0074, 0.0056, 0.0062, 
0.0058, 0.0056, 0.0057, 0.006, 0.009, 0.0069, 0.0069, 0.0059, 
0.0079, 0.0051, 0.0146, 0.0063, 0.0075, 0.0144, 0.0051, 0.0067, 
0.0103, 0.0061, 0.0051, 0.0057, 0.0058, 0.0051, 0.0051, 0.0061, 
0.0057, 0.0056, 0.0064, 0.0056, 0.0057, 0.0149, 0.0069, 0.0059, 
0.0071, 0.0071, 0.0058, 0.0074, 0.0057, 0.0068, 0.0082, 0.0057, 
0.0057, 0.0085, 0.0072, 0.0078, 0.0092, 0.0062, 0.0059, 0.0134, 
0.0057, 0.0104, 0.0221, 0.0113, 0.006, 0.0101, 0.0057, 0.0057, 
0.009, 0.0058, 0.0069, 0.006, 0.0059, 0.0064, 0.0052, 0.0104, 
0.0059, 0.0066, 0.0063, 0.0058, 0.0103, 0.0061, 0.0154, 0.0094, 
0.0061, 0.0077, 0.0063, 0.0058, 0.0063, 0.0143, 0.0061, 0.0065, 
0.0061, 0.0121, 0.0059, 0.006, 0.0057, 0.0118, 0.006, 0.0057, 
0.0057, 0.0059, 0.0058, 0.0116, 0.0069, 0.0058, 0.0057, 0.0057, 
0.0074, 0.0081, 0.0094, 0.0054, 0.0082, 0.0072, 0.0063, 0.0056, 
0.0057, 0.0091, 0.0051, 0.0061, 0.0065, 0.0068, 0.0067, 0.0061, 
0.0137, 0.0063, 0.0113, 0.0058, 0.0102, 0.0093, 0.0065, 0.0069, 
0.0067, 0.0069, 0.0078, 0.0153, 0.0073, 0.0065, 0.0054, 0.0065, 
0.0057, 0.0058, 0.0058, 0.0078, 0.0061, 0.0095, 0.006, 0.009, 
0.0057, 0.0052, 0.0143, 0.0122, 0.0074, 0.0085, 0.0076, 0.0079, 
0.0057, 0.0067, 0.0066, 0.0068, 0.0057, 0.0061, 0.015, 0.0058, 
0.006, 0.0071, 0.0058, 0.0057, 0.0057, 0.0075, 0.0075, 0.0058, 
0.0059, 0.0073, 0.0079, 0.0081, 0.0065, 0.0072, 0.0121, 0.0058, 
0.0084, 0.0066, 0.013, 0.006, 0.0075, 0.0057, 0.0061, 0.0078, 
0.0063, 0.0066, 0.0067, 0.0057, 0.0058, 0.0056, 0.0172, 0.0057, 
0.0056, 0.006, 0.0056, 0.0073, 0.0052, 0.0057, 0.0074, 0.0064, 
0.0094, 0.0058, 0.0098, 0.0088, 0.0053, 0.0057, 0.0056, 0.0073, 
0.0065, 0.0056, 0.0058, 0.0062, 0.0064, 0.0088, 0.0094, 0.0062, 
0.0092, 0.0081, 0.0071, 0.0063, 0.0056, 0.0056, 0.0063, 0.0136, 
0.0132, 0.006, 0.0082, 0.0061, 0.0079, 0.0058, 0.0058, 0.0071, 
0.0059, 0.0113, 0.0056, 0.0062, 0.0068, 0.0062, 0.009, 0.0093, 
0.0088, 0.0056, 0.006, 0.0058, 0.0071, 0.0057, 0.0057, 0.0056, 
0.0059, 0.0059, 0.0065, 0.0057, 0.0051, 0.0058, 0.0057, 0.0056, 
0.0055, 0.0079, 0.0054, 0.0058, 0.0059, 0.0065, 0.0084, 0.0061, 
0.0057, 0.0076, 0.0059, 0.0073, 0.0059, 0.0054, 0.006, 0.0058, 
0.0072, 0.0056, 0.0093, 0.0053, 0.0097, 0.0059, 0.0067, 0.0099, 
0.0152, 0.0072, 0.0059, 0.0062, 0.0093, 0.0059, 0.0056, 0.0131, 
0.005, 0.0059, 0.0073, 0.0144, 0.0079, 0.0064, 0.0064, 0.0064, 
0.0076, 0.011, 0.0062, 0.0057, 0.0059, 0.0063, 0.0053, 0.0057, 
0.0056, 0.0076, 0.0052, 0.0063, 0.0063, 0.0058, 0.0113, 0.0062, 
0.0161, 0.0055, 0.0069, 0.0071, 0.013, 0.0062, 0.0056, 0.0065, 
0.0056, 0.0112, 0.0062, 0.0058, 0.0094, 0.0052, 0.0058, 0.0059, 
0.0059, 0.0054, 0.0057, 0.006, 0.006, 0.0138, 0.0131, 0.0064, 
0.0076, 0.0061, 0.0058, 0.0056, 0.0056, 0.0057, 0.0069, 0.0064, 
0.0085, 0.0067, 0.015, 0.0096, 0.009, 0.0113, 0.0066, 0.0058, 
0.0053, 0.0064, 0.0072, 0.0056, 0.0103, 0.0057, 0.0058, 0.0063, 
0.0105, 0.0079, 0.0059, 0.0066, 0.0077, 0.0055, 0.0057, 0.0057, 
0.0057, 0.0214, 0.009, 0.0067, 0.0057, 0.0056, 0.0064, 0.0101, 
0.0062, 0.0135, 0.0123, 0.0056, 0.0061, 0.0055, 0.0065, 0.0059, 
0.007, 0.008, 0.0057, 0.0057, 0.0072, 0.0077, 0.0057, 0.0163, 
0.007, 0.01, 0.0065, 0.0057, 0.0067, 0.0075, 0.0105, 0.0061, 
0.0063, 0.0057, 0.0069, 0.0079, 0.0072, 0.0057, 0.0064, 0.0068, 
0.0101, 0.0057, 0.0057, 0.0059, 0.0128, 0.0109, 0.0068, 0.0077, 
0.0057, 0.0063, 0.006, 0.0057, 0.006, 0.0059, 0.0056, 0.0273, 
0.0055, 0.0107, 0.009, 0.0157, 0.0059, 0.0087, 0.0063, 0.0069, 
0.0067, 0.0059, 0.0065, 0.0059, 0.0057, 0.0057, 0.0057, 0.0085, 
0.006, 0.0063, 0.0056, 0.0056, 0.0056, 0.0075, 0.0064, 0.007, 
0.0058, 0.0062, 0.0062, 0.0061, 0.0054, 0.0212, 0.0057, 0.0148, 
0.0061, 0.0058, 0.0056, 0.0059, 0.0054, 0.0151, 0.0056, 0.0051, 
0.0067, 0.0157, 0.0173, 0.006, 0.0061, 0.0052, 0.0088, 0.0073, 
0.0143, 0.0087, 0.0063, 0.006, 0.0071, 0.0268, 0.0063, 0.009, 
0.0093, 0.0069, 0.0065, 0.0078, 0.0057, 0.0059, 0.0057, 0.0092, 
0.0068, 0.0059, 0.0058, 0.0057, 0.0064, 0.0059, 0.0056, 0.0102, 
0.0121, 0.0061, 0.0073, 0.0062, 0.0053, 0.0091, 0.0064, 0.0097, 
0.0064, 0.0065, 0.0068, 0.0061, 0.0072, 0.0098, 0.0104, 0.0074, 
0.0114, 0.0065, 0.0056, 0.0052, 0.0136, 0.0063, 0.0124, 0.0056, 
0.0084, 0.0064, 0.0098, 0.0057, 0.0118, 0.0057, 0.0068, 0.006, 
0.0056, 0.0062, 0.009, 0.0071, 0.0062, 0.0055, 0.0094, 0.006, 
0.0057, 0.006, 0.0056, 0.008, 0.0053, 0.0133, 0.0077, 0.0064, 
0.0059, 0.0082, 0.006, 0.0059, 0.0051, 0.0072, 0.0103, 0.0067, 
0.0092, 0.0072, 0.0057, 0.0067, 0.0069, 0.0085, 0.0057, 0.008, 
0.0059, 0.0094, 0.0057, 0.0057, 0.0092, 0.0057, 0.0055, 0.0073, 
0.0056, 0.0052, 0.0061, 0.0063, 0.0057, 0.0061, 0.0052, 0.0059, 
0.0057, 0.0056, 0.0057, 0.0056, 0.008, 0.0065, 0.006, 0.0064, 
0.0067, 0.0056, 0.0059, 0.0056, 0.0085, 0.0109, 0.0059, 0.0059, 
0.0075, 0.0056, 0.0055, 0.0152, 0.0051, 0.006, 0.0056, 0.0058, 
0.0097, 0.008, 0.006, 0.0112, 0.007, 0.0084, 0.0056, 0.0068, 
0.0056, 0.0079, 0.0126, 0.006, 0.0057, 0.0059, 0.0051, 0.0056, 
0.0081, 0.0057, 0.0056, 0.0056, 0.0065, 0.0057, 0.0058, 0.007, 
0.0105, 0.0066, 0.0154, 0.0058, 0.0068, 0.0127, 0.0058, 0.0166, 
0.0056, 0.0066, 0.0064, 0.0059, 0.0076, 0.0122, 0.0065, 0.0056, 
0.006, 0.013, 0.0057, 0.0066, 0.0067, 0.0058, 0.0058, 0.0056, 
0.007, 0.0081, 0.0078, 0.0058, 0.0056, 0.0171, 0.0061, 0.01, 
0.0064, 0.0067, 0.0061, 0.0057, 0.0089, 0.0062, 0.0072, 0.0059, 
0.0057, 0.0098, 0.0057, 0.0072, 0.0059, 0.0058, 0.008, 0.0072, 
0.0058, 0.0071, 0.0058, 0.0087, 0.0082, 0.0088, 0.0091, 0.0058, 
0.0057, 0.0067, 0.0084, 0.0071, 0.0057, 0.0068, 0.0067, 0.0117, 
0.0071, 0.0075, 0.0125, 0.0102, 0.0058, 0.0053, 0.0272, 0.0061, 
0.0058, 0.0063, 0.0058, 0.0068, 0.0059, 0.0057, 0.0059, 0.007, 
0.0055, 0.0141, 0.0066, 0.0061, 0.0057, 0.0062, 0.0056, 0.0061, 
0.0071, 0.0057, 0.0063, 0.0065, 0.0053, 0.006, 0.0053, 0.0057, 
0.0071, 0.0115, 0.0057, 0.0054, 0.0106, 0.0057, 0.0067, 0.0056, 
0.0057, 0.0069, 0.006, 0.0059, 0.0094, 0.0066, 0.0065, 0.0058, 
0.0056, 0.0085, 0.0067, 0.0064, 0.0057, 0.0056, 0.0067, 0.0067, 
0.0058, 0.0063, 0.0104, 0.0144, 0.0064, 0.0082, 0.018, 0.0057, 
0.0078, 0.0068, 0.0205, 0.0065, 0.0081, 0.0067, 0.0075, 0.006, 
0.0058, 0.0063, 0.0063, 0.0063, 0.0078, 0.0098, 0.0059, 0.0076, 
0.0251, 0.0104, 0.0053, 0.0056, 0.0058, 0.0068, 0.0137, 0.0114, 
0.0079, 0.0056, 0.0065, 0.0076, 0.0073, 0.0063, 0.0057, 0.0077, 
0.0061, 0.0061, 0.0063, 0.0059, 0.007, 0.0058, 0.0066, 0.0101, 
0.0071, 0.0061, 0.0057, 0.0065, 0.0052, 0.0063, 0.0067, 0.0079, 
0.0078, 0.0071, 0.0058, 0.0059, 0.0088, 0.0057, 0.0159, 0.0079, 
0.0125, 0.0057, 0.0063, 0.0063, 0.0081, 0.0062, 0.0058, 0.0055, 
0.0085, 0.0092, 0.0061, 0.0058, 0.0057, 0.0058, 0.007, 0.0063, 
0.006, 0.0057, 0.0092, 0.0057, 0.0061, 0.0061, 0.0052, 0.0094, 
0.0062, 0.014, 0.0068, 0.0119, 0.0061, 0.0092, 0.007, 0.006, 
0.0059, 0.0069, 0.0067, 0.0063, 0.0061, 0.0069, 0.0061, 0.0056, 
0.0079, 0.0059, 0.0063, 0.0051, 0.0057, 0.0086, 0.0057, 0.0052, 
0.0064, 0.0058, 0.0063, 0.007, 0.0098, 0.0075, 0.0059, 0.0063, 
0.0056, 0.0096, 0.0057, 0.0093, 0.0057, 0.0073, 0.0066, 0.0057, 
0.0059, 0.0061, 0.0097, 0.0059, 0.0062, 0.0079, 0.0065, 0.0063, 
0.0057, 0.0053, 0.0061, 0.0063, 0.008, 0.006, 0.0092, 0.0058, 
0.0056, 0.0086, 0.0096, 0.0059, 0.0072, 0.007, 0.0051, 0.0067, 
0.0064, 0.0058, 0.0067, 0.006, 0.0081, 0.0058, 0.0067, 0.0056, 
0.0072, 0.0059, 0.0056, 0.0057, 0.0064, 0.0081, 0.0064, 0.0057, 
0.0068, 0.0067, 0.0064, 0.007, 0.0076, 0.0111, 0.0059, 0.0059, 
0.0056, 0.0057, 0.0102, 0.0057, 0.0074, 0.0067, 0.0051, 0.0056, 
0.0057, 0.0057, 0.0065, 0.0067, 0.0139, 0.0059, 0.0073, 0.0061, 
0.0097, 0.0081, 0.0052, 0.0111, 0.0057, 0.0074, 0.0061, 0.0094, 
0.0059, 0.0053, 0.0068, 0.0057, 0.0055, 0.0051, 0.0051, 0.0057, 
0.0068, 0.0058, 0.0059, 0.0057, 0.0105, 0.0064, 0.0058, 0.0057, 
0.006, 0.0093, 0.0066, 0.007, 0.0056, 0.0061, 0.0079, 0.0052, 
0.0053, 0.006, 0.0078, 0.0074, 0.0072, 0.0083, 0.0063, 0.0059, 
0.0056, 0.0051, 0.0066, 0.0071, 0.0056, 0.0116, 0.0079, 0.0062, 
0.0119, 0.0059, 0.0095, 0.0058, 0.0057, 0.0063, 0.0065, 0.0051, 
0.0056, 0.0061, 0.0059, 0.0057, 0.0059, 0.0059, 0.0061, 0.0051, 
0.0057, 0.0067, 0.0069, 0.0054, 0.0122, 0.0132, 0.006, 0.0058, 
0.0082, 0.0058, 0.014, 0.0057, 0.0064, 0.0064, 0.0057, 0.0059, 
0.0105, 0.0052, 0.0104, 0.0058, 0.0064, 0.0115, 0.0081, 0.0058, 
0.0086, 0.0056, 0.0165, 0.0059, 0.0059, 0.0065, 0.0066, 0.0071, 
0.0061, 0.006, 0.0089, 0.0066, 0.0056, 0.0155, 0.0068, 0.0057, 
0.0059, 0.0059, 0.006, 0.0064, 0.0071, 0.0084, 0.0058, 0.006, 
0.0074, 0.0061, 0.0062, 0.0057, 0.0057, 0.0067, 0.0062, 0.0056, 
0.0058, 0.0054, 0.0079, 0.0056, 0.0057, 0.0065, 0.0094, 0.0057, 
0.0096, 0.0104, 0.0076, 0.0104, 0.0056, 0.0062, 0.0079, 0.0059, 
0.0097, 0.007, 0.0121, 0.0057, 0.0057, 0.0056, 0.0132, 0.0055, 
0.0064, 0.0072, 0.0056, 0.0075, 0.0073, 0.0093, 0.0126, 0.0061, 
0.0062, 0.0068, 0.0062, 0.0056, 0.0064, 0.007, 0.0056, 0.0059, 
0.007, 0.0064, 0.0145, 0.0063, 0.014, 0.0114, 0.0058, 0.0148, 
0.0051, 0.0182, 0.0063, 0.0102, 0.006, 0.0138, 0.0065, 0.0106, 
0.0091, 0.0062, 0.0079, 0.0061, 0.0056, 0.0091, 0.0122, 0.006, 
0.0056, 0.0105, 0.0068, 0.0106, 0.0052, 0.0059, 0.0058, 0.0145, 
0.006, 0.0059, 0.0094, 0.0065, 0.0074, 0.0054, 0.0074, 0.0093, 
0.0068, 0.0061, 0.0057, 0.0056, 0.0057, 0.0059, 0.0085, 0.0057, 
0.0087, 0.0051, 0.0112, 0.0235, 0.02, 0.0086, 0.0088, 0.0056, 
0.0079, 0.0091, 0.0079, 0.0086, 0.0119, 0.0057, 0.0066, 0.0058, 
0.0058, 0.007, 0.0055, 0.0066, 0.0078, 0.0092, 0.006, 0.0083, 
0.0051, 0.0081, 0.0056, 0.0115, 0.0066, 0.007, 0.0056, 0.0056, 
0.007, 0.0057, 0.0054, 0.008, 0.0082, 0.0086, 0.0074, 0.0086, 
0.0072, 0.007, 0.0089, 0.0076, 0.0062, 0.007, 0.0059, 0.0078, 
0.006, 0.0075, 0.0058, 0.0052, 0.013, 0.0067, 0.01, 0.0112, 0.0239, 
0.0058, 0.0056, 0.0082, 0.0065, 0.0097, 0.0057, 0.0057, 0.0057, 
0.0053, 0.0121, 0.0075, 0.0062, 0.0057, 0.0067, 0.0054, 0.006, 
0.0058, 0.0073, 0.0058, 0.008, 0.0069, 0.0058, 0.0064, 0.0058, 
0.0065, 0.0066, 0.0068, 0.0059, 0.0065, 0.0082, 0.0083, 0.0059, 
0.0066, 0.008, 0.0086, 0.0059, 0.0071, 0.0067, 0.0067, 0.0058, 
0.0124, 0.0067, 0.0069, 0.0075, 0.0069, 0.0057, 0.0063, 0.0057, 
0.0089, 0.0077, 0.0091, 0.0057, 0.0091, 0.0063, 0.0095, 0.0099, 
0.0057, 0.0058, 0.0059, 0.0078, 0.0083, 0.0068, 0.007, 0.0073, 
0.0059, 0.0057, 0.0144, 0.0121, 0.0063, 0.0061, 0.0206, 0.0071, 
0.0061, 0.0096, 0.0075, 0.008, 0.0057, 0.006, 0.0064, 0.014, 
0.0062, 0.0067, 0.0057, 0.0092, 0.0114, 0.0059, 0.0065, 0.0065, 
0.0091, 0.0095, 0.0103, 0.0069, 0.0054, 0.0074, 0.0092, 0.0064, 
0.0082, 0.0083, 0.0072, 0.0059, 0.0098, 0.0098, 0.007, 0.0056, 
0.0109, 0.0137, 0.0061, 0.0068, 0.0061, 0.0059, 0.0057, 0.0061, 
0.0061, 0.0057, 0.0069, 0.0067, 0.0057, 0.0053, 0.006, 0.0057, 
0.0094, 0.0076, 0.0067, 0.0074, 0.0056, 0.0072, 0.0058, 0.0059, 
0.012, 0.0063, 0.0056, 0.0059, 0.0064, 0.0078, 0.0101, 0.0063, 
0.0078, 0.0075, 0.0072, 0.0062, 0.0058, 0.006, 0.0107, 0.0082, 
0.0061, 0.0079, 0.0101, 0.008, 0.0145, 0.0055, 0.0059, 0.0057, 
0.0091, 0.0064, 0.0057, 0.0059, 0.0058, 0.0058, 0.0062, 0.0062, 
0.0079, 0.0084, 0.0056, 0.0113, 0.0061, 0.0053, 0.0059, 0.0069, 
0.0059, 0.006, 0.0059, 0.008, 0.0058, 0.0066, 0.0072, 0.0058, 
0.0057, 0.0069, 0.0058, 0.0062, 0.0077, 0.0058, 0.0078, 0.0057, 
0.0061, 0.0062, 0.0065, 0.0058, 0.0069, 0.0057, 0.0063, 0.0066, 
0.0058, 0.0058, 0.0075, 0.0061, 0.0068, 0.0055, 0.0059, 0.0067, 
0.008, 0.0057, 0.0063, 0.0057, 0.0062, 0.0054, 0.0168, 0.0061, 
0.0066, 0.0073, 0.0056, 0.0062, 0.0056, 0.006, 0.0101, 0.0062, 
0.0051, 0.0118, 0.0081, 0.006, 0.0068, 0.0054, 0.0064, 0.0057, 
0.0058, 0.0079, 0.0057, 0.0073, 0.0076, 0.0066, 0.0061, 0.0059, 
0.007, 0.0069, 0.0065, 0.0058, 0.0113, 0.0057, 0.007, 0.0075, 
0.0076, 0.0059, 0.0064, 0.006, 0.0063, 0.0058, 0.0057, 0.0065, 
0.0116, 0.0062, 0.0099, 0.0064, 0.006, 0.0075, 0.0066, 0.0072, 
0.0108, 0.0059, 0.0065, 0.0067, 0.0079, 0.0108, 0.0078, 0.0063, 
0.0056, 0.0063, 0.0056, 0.0056, 0.0056, 0.0086, 0.0063, 0.012, 
0.0056, 0.0117, 0.0127, 0.006, 0.0071, 0.0051, 0.0072, 0.0058, 
0.0073, 0.0075, 0.0063, 0.0053, 0.0073, 0.0056, 0.0156, 0.0111, 
0.0065, 0.0075, 0.0061, 0.0057, 0.0054, 0.0059, 0.0059, 0.0061, 
0.0057, 0.0066, 0.0126, 0.0058, 0.0067, 0.0057, 0.0057, 0.0053, 
0.0177, 0.0057, 0.0066, 0.0059, 0.0093, 0.0129, 0.0059, 0.0073, 
0.0056, 0.0095, 0.0081, 0.0058, 0.0051, 0.0069, 0.0059, 0.0056, 
0.0057, 0.0078, 0.0077, 0.0053, 0.0086, 0.0057, 0.0061, 0.0057, 
0.006, 0.0064, 0.0063, 0.0075, 0.0067, 0.0059, 0.0079, 0.0057, 
0.0057, 0.0065, 0.0063, 0.0064, 0.0063, 0.006, 0.0054, 0.0061, 
0.0057, 0.0062, 0.0058, 0.006, 0.0057, 0.0059, 0.006, 0.0073, 
0.0063, 0.0059, 0.006, 0.0051, 0.0061, 0.0101, 0.0076, 0.0068, 
0.0116, 0.0112, 0.0057, 0.0072, 0.0071, 0.0056, 0.0124, 0.0083, 
0.0059, 0.0086, 0.0135, 0.0069, 0.0062, 0.0122, 0.0065, 0.0057, 
0.006, 0.0063, 0.0059, 0.0066, 0.0087, 0.0082, 0.0063, 0.0101, 
0.0057, 0.0112, 0.0111, 0.0058, 0.006, 0.0078, 0.0093, 0.0073, 
0.0067, 0.0113, 0.006, 0.0103, 0.0066, 0.0078, 0.009, 0.0093, 
0.0071, 0.0068, 0.0066, 0.0075, 0.017, 0.0076, 0.0059, 0.0064, 
0.0068, 0.0057, 0.0065, 0.0071, 0.0078, 0.0102, 0.0056, 0.0065, 
0.0056, 0.0059, 0.0208, 0.008, 0.0055, 0.0109, 0.0073, 0.017, 
0.006, 0.0053, 0.0153, 0.0064, 0.0058, 0.0085, 0.0058, 0.0051, 
0.0068, 0.0065, 0.0066, 0.0057, 0.0057, 0.0067, 0.0058, 0.006, 
0.0061, 0.0091, 0.0056, 0.0058, 0.0062, 0.0083, 0.0059, 0.0059, 
0.0135, 0.0073, 0.006, 0.0056, 0.0075, 0.0063, 0.0075, 0.0071, 
0.006, 0.0065, 0.0057, 0.006, 0.0057, 0.0074, 0.006, 0.007, 0.0058, 
0.0056, 0.0057, 0.0061, 0.0071, 0.0058, 0.0089, 0.0063, 0.0141, 
0.0069, 0.0061, 0.0053, 0.0059, 0.0077, 0.0116, 0.0068, 0.0064, 
0.0076, 0.0063, 0.0075, 0.0057, 0.0056, 0.0057, 0.007, 0.0073, 
0.0084, 0.006, 0.0055, 0.0056, 0.0057, 0.0063, 0.0087, 0.0059, 
0.006, 0.006, 0.0085, 0.0062, 0.0066, 0.0056, 0.006, 0.0079, 
0.0076, 0.0095, 0.0057, 0.0058, 0.0181, 0.0059, 0.009, 0.0058, 
0.0065, 0.0056, 0.0051, 0.0063, 0.0097, 0.0082, 0.0059, 0.0092, 
0.0067, 0.0068, 0.0056, 0.0133, 0.0056, 0.0075, 0.0106, 0.0058, 
0.0068, 0.0058, 0.0058, 0.0067, 0.0066, 0.0057, 0.0057, 0.0071, 
0.0063, 0.0072, 0.0057, 0.0086, 0.0071, 0.0088), exposure = "exposure", 
    outcome = "outcome", snps = c("snp_1", "snp_2", "snp_3", 
    "snp_4", "snp_5", "snp_6", "snp_7", "snp_8", "snp_9", "snp_10", 
    "snp_11", "snp_12", "snp_13", "snp_14", "snp_15", "snp_16", 
    "snp_17", "snp_18", "snp_19", "snp_20", "snp_21", "snp_22", 
    "snp_23", "snp_24", "snp_25", "snp_26", "snp_27", "snp_28", 
    "snp_29", "snp_30", "snp_31", "snp_32", "snp_33", "snp_34", 
    "snp_35", "snp_36", "snp_37", "snp_38", "snp_39", "snp_40", 
    "snp_41", "snp_42", "snp_43", "snp_44", "snp_45", "snp_46", 
    "snp_47", "snp_48", "snp_49", "snp_50", "snp_51", "snp_52", 
    "snp_53", "snp_54", "snp_55", "snp_56", "snp_57", "snp_58", 
    "snp_59", "snp_60", "snp_61", "snp_62", "snp_63", "snp_64", 
    "snp_65", "snp_66", "snp_67", "snp_68", "snp_69", "snp_70", 
    "snp_71", "snp_72", "snp_73", "snp_74", "snp_75", "snp_76", 
    "snp_77", "snp_78", "snp_79", "snp_80", "snp_81", "snp_82", 
    "snp_83", "snp_84", "snp_85", "snp_86", "snp_87", "snp_88", 
    "snp_89", "snp_90", "snp_91", "snp_92", "snp_93", "snp_94", 
    "snp_95", "snp_96", "snp_97", "snp_98", "snp_99", "snp_100", 
    "snp_101", "snp_102", "snp_103", "snp_104", "snp_105", "snp_106", 
    "snp_107", "snp_108", "snp_109", "snp_110", "snp_111", "snp_112", 
    "snp_113", "snp_114", "snp_115", "snp_116", "snp_117", "snp_118", 
    "snp_119", "snp_120", "snp_121", "snp_122", "snp_123", "snp_124", 
    "snp_125", "snp_126", "snp_127", "snp_128", "snp_129", "snp_130", 
    "snp_131", "snp_132", "snp_133", "snp_134", "snp_135", "snp_136", 
    "snp_137", "snp_138", "snp_139", "snp_140", "snp_141", "snp_142", 
    "snp_143", "snp_144", "snp_145", "snp_146", "snp_147", "snp_148", 
    "snp_149", "snp_150", "snp_151", "snp_152", "snp_153", "snp_154", 
    "snp_155", "snp_156", "snp_157", "snp_158", "snp_159", "snp_160", 
    "snp_161", "snp_162", "snp_163", "snp_164", "snp_165", "snp_166", 
    "snp_167", "snp_168", "snp_169", "snp_170", "snp_171", "snp_172", 
    "snp_173", "snp_174", "snp_175", "snp_176", "snp_177", "snp_178", 
    "snp_179", "snp_180", "snp_181", "snp_182", "snp_183", "snp_184", 
    "snp_185", "snp_186", "snp_187", "snp_188", "snp_189", "snp_190", 
    "snp_191", "snp_192", "snp_193", "snp_194", "snp_195", "snp_196", 
    "snp_197", "snp_198", "snp_199", "snp_200", "snp_201", "snp_202", 
    "snp_203", "snp_204", "snp_205", "snp_206", "snp_207", "snp_208", 
    "snp_209", "snp_210", "snp_211", "snp_212", "snp_213", "snp_214", 
    "snp_215", "snp_216", "snp_217", "snp_218", "snp_219", "snp_220", 
    "snp_221", "snp_222", "snp_223", "snp_224", "snp_225", "snp_226", 
    "snp_227", "snp_228", "snp_229", "snp_230", "snp_231", "snp_232", 
    "snp_233", "snp_234", "snp_235", "snp_236", "snp_237", "snp_238", 
    "snp_239", "snp_240", "snp_241", "snp_242", "snp_243", "snp_244", 
    "snp_245", "snp_246", "snp_247", "snp_248", "snp_249", "snp_250", 
    "snp_251", "snp_252", "snp_253", "snp_254", "snp_255", "snp_256", 
    "snp_257", "snp_258", "snp_259", "snp_260", "snp_261", "snp_262", 
    "snp_263", "snp_264", "snp_265", "snp_266", "snp_267", "snp_268", 
    "snp_269", "snp_270", "snp_271", "snp_272", "snp_273", "snp_274", 
    "snp_275", "snp_276", "snp_277", "snp_278", "snp_279", "snp_280", 
    "snp_281", "snp_282", "snp_283", "snp_284", "snp_285", "snp_286", 
    "snp_287", "snp_288", "snp_289", "snp_290", "snp_291", "snp_292", 
    "snp_293", "snp_294", "snp_295", "snp_296", "snp_297", "snp_298", 
    "snp_299", "snp_300", "snp_301", "snp_302", "snp_303", "snp_304", 
    "snp_305", "snp_306", "snp_307", "snp_308", "snp_309", "snp_310", 
    "snp_311", "snp_312", "snp_313", "snp_314", "snp_315", "snp_316", 
    "snp_317", "snp_318", "snp_319", "snp_320", "snp_321", "snp_322", 
    "snp_323", "snp_324", "snp_325", "snp_326", "snp_327", "snp_328", 
    "snp_329", "snp_330", "snp_331", "snp_332", "snp_333", "snp_334", 
    "snp_335", "snp_336", "snp_337", "snp_338", "snp_339", "snp_340", 
    "snp_341", "snp_342", "snp_343", "snp_344", "snp_345", "snp_346", 
    "snp_347", "snp_348", "snp_349", "snp_350", "snp_351", "snp_352", 
    "snp_353", "snp_354", "snp_355", "snp_356", "snp_357", "snp_358", 
    "snp_359", "snp_360", "snp_361", "snp_362", "snp_363", "snp_364", 
    "snp_365", "snp_366", "snp_367", "snp_368", "snp_369", "snp_370", 
    "snp_371", "snp_372", "snp_373", "snp_374", "snp_375", "snp_376", 
    "snp_377", "snp_378", "snp_379", "snp_380", "snp_381", "snp_382", 
    "snp_383", "snp_384", "snp_385", "snp_386", "snp_387", "snp_388", 
    "snp_389", "snp_390", "snp_391", "snp_392", "snp_393", "snp_394", 
    "snp_395", "snp_396", "snp_397", "snp_398", "snp_399", "snp_400", 
    "snp_401", "snp_402", "snp_403", "snp_404", "snp_405", "snp_406", 
    "snp_407", "snp_408", "snp_409", "snp_410", "snp_411", "snp_412", 
    "snp_413", "snp_414", "snp_415", "snp_416", "snp_417", "snp_418", 
    "snp_419", "snp_420", "snp_421", "snp_422", "snp_423", "snp_424", 
    "snp_425", "snp_426", "snp_427", "snp_428", "snp_429", "snp_430", 
    "snp_431", "snp_432", "snp_433", "snp_434", "snp_435", "snp_436", 
    "snp_437", "snp_438", "snp_439", "snp_440", "snp_441", "snp_442", 
    "snp_443", "snp_444", "snp_445", "snp_446", "snp_447", "snp_448", 
    "snp_449", "snp_450", "snp_451", "snp_452", "snp_453", "snp_454", 
    "snp_455", "snp_456", "snp_457", "snp_458", "snp_459", "snp_460", 
    "snp_461", "snp_462", "snp_463", "snp_464", "snp_465", "snp_466", 
    "snp_467", "snp_468", "snp_469", "snp_470", "snp_471", "snp_472", 
    "snp_473", "snp_474", "snp_475", "snp_476", "snp_477", "snp_478", 
    "snp_479", "snp_480", "snp_481", "snp_482", "snp_483", "snp_484", 
    "snp_485", "snp_486", "snp_487", "snp_488", "snp_489", "snp_490", 
    "snp_491", "snp_492", "snp_493", "snp_494", "snp_495", "snp_496", 
    "snp_497", "snp_498", "snp_499", "snp_500", "snp_501", "snp_502", 
    "snp_503", "snp_504", "snp_505", "snp_506", "snp_507", "snp_508", 
    "snp_509", "snp_510", "snp_511", "snp_512", "snp_513", "snp_514", 
    "snp_515", "snp_516", "snp_517", "snp_518", "snp_519", "snp_520", 
    "snp_521", "snp_522", "snp_523", "snp_524", "snp_525", "snp_526", 
    "snp_527", "snp_528", "snp_529", "snp_530", "snp_531", "snp_532", 
    "snp_533", "snp_534", "snp_535", "snp_536", "snp_537", "snp_538", 
    "snp_539", "snp_540", "snp_541", "snp_542", "snp_543", "snp_544", 
    "snp_545", "snp_546", "snp_547", "snp_548", "snp_549", "snp_550", 
    "snp_551", "snp_552", "snp_553", "snp_554", "snp_555", "snp_556", 
    "snp_557", "snp_558", "snp_559", "snp_560", "snp_561", "snp_562", 
    "snp_563", "snp_564", "snp_565", "snp_566", "snp_567", "snp_568", 
    "snp_569", "snp_570", "snp_571", "snp_572", "snp_573", "snp_574", 
    "snp_575", "snp_576", "snp_577", "snp_578", "snp_579", "snp_580", 
    "snp_581", "snp_582", "snp_583", "snp_584", "snp_585", "snp_586", 
    "snp_587", "snp_588", "snp_589", "snp_590", "snp_591", "snp_592", 
    "snp_593", "snp_594", "snp_595", "snp_596", "snp_597", "snp_598", 
    "snp_599", "snp_600", "snp_601", "snp_602", "snp_603", "snp_604", 
    "snp_605", "snp_606", "snp_607", "snp_608", "snp_609", "snp_610", 
    "snp_611", "snp_612", "snp_613", "snp_614", "snp_615", "snp_616", 
    "snp_617", "snp_618", "snp_619", "snp_620", "snp_621", "snp_622", 
    "snp_623", "snp_624", "snp_625", "snp_626", "snp_627", "snp_628", 
    "snp_629", "snp_630", "snp_631", "snp_632", "snp_633", "snp_634", 
    "snp_635", "snp_636", "snp_637", "snp_638", "snp_639", "snp_640", 
    "snp_641", "snp_642", "snp_643", "snp_644", "snp_645", "snp_646", 
    "snp_647", "snp_648", "snp_649", "snp_650", "snp_651", "snp_652", 
    "snp_653", "snp_654", "snp_655", "snp_656", "snp_657", "snp_658", 
    "snp_659", "snp_660", "snp_661", "snp_662", "snp_663", "snp_664", 
    "snp_665", "snp_666", "snp_667", "snp_668", "snp_669", "snp_670", 
    "snp_671", "snp_672", "snp_673", "snp_674", "snp_675", "snp_676", 
    "snp_677", "snp_678", "snp_679", "snp_680", "snp_681", "snp_682", 
    "snp_683", "snp_684", "snp_685", "snp_686", "snp_687", "snp_688", 
    "snp_689", "snp_690", "snp_691", "snp_692", "snp_693", "snp_694", 
    "snp_695", "snp_696", "snp_697", "snp_698", "snp_699", "snp_700", 
    "snp_701", "snp_702", "snp_703", "snp_704", "snp_705", "snp_706", 
    "snp_707", "snp_708", "snp_709", "snp_710", "snp_711", "snp_712", 
    "snp_713", "snp_714", "snp_715", "snp_716", "snp_717", "snp_718", 
    "snp_719", "snp_720", "snp_721", "snp_722", "snp_723", "snp_724", 
    "snp_725", "snp_726", "snp_727", "snp_728", "snp_729", "snp_730", 
    "snp_731", "snp_732", "snp_733", "snp_734", "snp_735", "snp_736", 
    "snp_737", "snp_738", "snp_739", "snp_740", "snp_741", "snp_742", 
    "snp_743", "snp_744", "snp_745", "snp_746", "snp_747", "snp_748", 
    "snp_749", "snp_750", "snp_751", "snp_752", "snp_753", "snp_754", 
    "snp_755", "snp_756", "snp_757", "snp_758", "snp_759", "snp_760", 
    "snp_761", "snp_762", "snp_763", "snp_764", "snp_765", "snp_766", 
    "snp_767", "snp_768", "snp_769", "snp_770", "snp_771", "snp_772", 
    "snp_773", "snp_774", "snp_775", "snp_776", "snp_777", "snp_778", 
    "snp_779", "snp_780", "snp_781", "snp_782", "snp_783", "snp_784", 
    "snp_785", "snp_786", "snp_787", "snp_788", "snp_789", "snp_790", 
    "snp_791", "snp_792", "snp_793", "snp_794", "snp_795", "snp_796", 
    "snp_797", "snp_798", "snp_799", "snp_800", "snp_801", "snp_802", 
    "snp_803", "snp_804", "snp_805", "snp_806", "snp_807", "snp_808", 
    "snp_809", "snp_810", "snp_811", "snp_812", "snp_813", "snp_814", 
    "snp_815", "snp_816", "snp_817", "snp_818", "snp_819", "snp_820", 
    "snp_821", "snp_822", "snp_823", "snp_824", "snp_825", "snp_826", 
    "snp_827", "snp_828", "snp_829", "snp_830", "snp_831", "snp_832", 
    "snp_833", "snp_834", "snp_835", "snp_836", "snp_837", "snp_838", 
    "snp_839", "snp_840", "snp_841", "snp_842", "snp_843", "snp_844", 
    "snp_845", "snp_846", "snp_847", "snp_848", "snp_849", "snp_850", 
    "snp_851", "snp_852", "snp_853", "snp_854", "snp_855", "snp_856", 
    "snp_857", "snp_858", "snp_859", "snp_860", "snp_861", "snp_862", 
    "snp_863", "snp_864", "snp_865", "snp_866", "snp_867", "snp_868", 
    "snp_869", "snp_870", "snp_871", "snp_872", "snp_873", "snp_874", 
    "snp_875", "snp_876", "snp_877", "snp_878", "snp_879", "snp_880", 
    "snp_881", "snp_882", "snp_883", "snp_884", "snp_885", "snp_886", 
    "snp_887", "snp_888", "snp_889", "snp_890", "snp_891", "snp_892", 
    "snp_893", "snp_894", "snp_895", "snp_896", "snp_897", "snp_898", 
    "snp_899", "snp_900", "snp_901", "snp_902", "snp_903", "snp_904", 
    "snp_905", "snp_906", "snp_907", "snp_908", "snp_909", "snp_910", 
    "snp_911", "snp_912", "snp_913", "snp_914", "snp_915", "snp_916", 
    "snp_917", "snp_918", "snp_919", "snp_920", "snp_921", "snp_922", 
    "snp_923", "snp_924", "snp_925", "snp_926", "snp_927", "snp_928", 
    "snp_929", "snp_930", "snp_931", "snp_932", "snp_933", "snp_934", 
    "snp_935", "snp_936", "snp_937", "snp_938", "snp_939", "snp_940", 
    "snp_941", "snp_942", "snp_943", "snp_944", "snp_945", "snp_946", 
    "snp_947", "snp_948", "snp_949", "snp_950", "snp_951", "snp_952", 
    "snp_953", "snp_954", "snp_955", "snp_956", "snp_957", "snp_958", 
    "snp_959", "snp_960", "snp_961", "snp_962", "snp_963", "snp_964", 
    "snp_965", "snp_966", "snp_967", "snp_968", "snp_969", "snp_970", 
    "snp_971", "snp_972", "snp_973", "snp_974", "snp_975", "snp_976", 
    "snp_977", "snp_978", "snp_979", "snp_980", "snp_981", "snp_982", 
    "snp_983", "snp_984", "snp_985", "snp_986", "snp_987", "snp_988", 
    "snp_989", "snp_990", "snp_991", "snp_992", "snp_993", "snp_994", 
    "snp_995", "snp_996", "snp_997", "snp_998", "snp_999", "snp_1000", 
    "snp_1001", "snp_1002", "snp_1003", "snp_1004", "snp_1005", 
    "snp_1006", "snp_1007", "snp_1008", "snp_1009", "snp_1010", 
    "snp_1011", "snp_1012", "snp_1013", "snp_1014", "snp_1015", 
    "snp_1016", "snp_1017", "snp_1018", "snp_1019", "snp_1020", 
    "snp_1021", "snp_1022", "snp_1023", "snp_1024", "snp_1025", 
    "snp_1026", "snp_1027", "snp_1028", "snp_1029", "snp_1030", 
    "snp_1031", "snp_1032", "snp_1033", "snp_1034", "snp_1035", 
    "snp_1036", "snp_1037", "snp_1038", "snp_1039", "snp_1040", 
    "snp_1041", "snp_1042", "snp_1043", "snp_1044", "snp_1045", 
    "snp_1046", "snp_1047", "snp_1048", "snp_1049", "snp_1050", 
    "snp_1051", "snp_1052", "snp_1053", "snp_1054", "snp_1055", 
    "snp_1056", "snp_1057", "snp_1058", "snp_1059", "snp_1060", 
    "snp_1061", "snp_1062", "snp_1063", "snp_1064", "snp_1065", 
    "snp_1066", "snp_1067", "snp_1068", "snp_1069", "snp_1070", 
    "snp_1071", "snp_1072", "snp_1073", "snp_1074", "snp_1075", 
    "snp_1076", "snp_1077", "snp_1078", "snp_1079", "snp_1080", 
    "snp_1081", "snp_1082", "snp_1083", "snp_1084", "snp_1085", 
    "snp_1086", "snp_1087", "snp_1088", "snp_1089", "snp_1090", 
    "snp_1091", "snp_1092", "snp_1093", "snp_1094", "snp_1095", 
    "snp_1096", "snp_1097", "snp_1098", "snp_1099", "snp_1100", 
    "snp_1101", "snp_1102", "snp_1103", "snp_1104", "snp_1105", 
    "snp_1106", "snp_1107", "snp_1108", "snp_1109", "snp_1110", 
    "snp_1111", "snp_1112", "snp_1113", "snp_1114", "snp_1115", 
    "snp_1116", "snp_1117", "snp_1118", "snp_1119", "snp_1120", 
    "snp_1121", "snp_1122", "snp_1123", "snp_1124", "snp_1125", 
    "snp_1126", "snp_1127", "snp_1128", "snp_1129", "snp_1130", 
    "snp_1131", "snp_1132", "snp_1133", "snp_1134", "snp_1135", 
    "snp_1136", "snp_1137", "snp_1138", "snp_1139", "snp_1140", 
    "snp_1141", "snp_1142", "snp_1143", "snp_1144", "snp_1145", 
    "snp_1146", "snp_1147", "snp_1148", "snp_1149", "snp_1150", 
    "snp_1151", "snp_1152", "snp_1153", "snp_1154", "snp_1155", 
    "snp_1156", "snp_1157", "snp_1158", "snp_1159", "snp_1160", 
    "snp_1161", "snp_1162", "snp_1163", "snp_1164", "snp_1165", 
    "snp_1166", "snp_1167", "snp_1168", "snp_1169", "snp_1170", 
    "snp_1171", "snp_1172", "snp_1173", "snp_1174", "snp_1175", 
    "snp_1176", "snp_1177", "snp_1178", "snp_1179", "snp_1180", 
    "snp_1181", "snp_1182", "snp_1183", "snp_1184", "snp_1185", 
    "snp_1186", "snp_1187", "snp_1188", "snp_1189", "snp_1190", 
    "snp_1191", "snp_1192", "snp_1193", "snp_1194", "snp_1195", 
    "snp_1196", "snp_1197", "snp_1198", "snp_1199", "snp_1200", 
    "snp_1201", "snp_1202", "snp_1203", "snp_1204", "snp_1205", 
    "snp_1206", "snp_1207", "snp_1208", "snp_1209", "snp_1210", 
    "snp_1211", "snp_1212", "snp_1213", "snp_1214", "snp_1215", 
    "snp_1216", "snp_1217", "snp_1218", "snp_1219", "snp_1220", 
    "snp_1221", "snp_1222", "snp_1223", "snp_1224", "snp_1225", 
    "snp_1226", "snp_1227", "snp_1228", "snp_1229", "snp_1230", 
    "snp_1231", "snp_1232", "snp_1233", "snp_1234", "snp_1235", 
    "snp_1236", "snp_1237", "snp_1238", "snp_1239", "snp_1240", 
    "snp_1241", "snp_1242", "snp_1243", "snp_1244", "snp_1245", 
    "snp_1246", "snp_1247", "snp_1248", "snp_1249", "snp_1250", 
    "snp_1251", "snp_1252", "snp_1253", "snp_1254", "snp_1255", 
    "snp_1256", "snp_1257", "snp_1258", "snp_1259", "snp_1260", 
    "snp_1261", "snp_1262", "snp_1263", "snp_1264", "snp_1265", 
    "snp_1266", "snp_1267", "snp_1268", "snp_1269", "snp_1270", 
    "snp_1271", "snp_1272", "snp_1273", "snp_1274", "snp_1275", 
    "snp_1276", "snp_1277", "snp_1278", "snp_1279", "snp_1280", 
    "snp_1281", "snp_1282", "snp_1283", "snp_1284", "snp_1285", 
    "snp_1286", "snp_1287", "snp_1288", "snp_1289", "snp_1290", 
    "snp_1291", "snp_1292", "snp_1293", "snp_1294", "snp_1295", 
    "snp_1296", "snp_1297", "snp_1298", "snp_1299", "snp_1300", 
    "snp_1301", "snp_1302", "snp_1303", "snp_1304", "snp_1305", 
    "snp_1306", "snp_1307", "snp_1308", "snp_1309", "snp_1310", 
    "snp_1311", "snp_1312", "snp_1313", "snp_1314", "snp_1315", 
    "snp_1316", "snp_1317", "snp_1318", "snp_1319", "snp_1320", 
    "snp_1321", "snp_1322", "snp_1323", "snp_1324", "snp_1325", 
    "snp_1326", "snp_1327", "snp_1328", "snp_1329", "snp_1330", 
    "snp_1331", "snp_1332", "snp_1333", "snp_1334", "snp_1335", 
    "snp_1336", "snp_1337", "snp_1338", "snp_1339", "snp_1340", 
    "snp_1341", "snp_1342", "snp_1343", "snp_1344", "snp_1345", 
    "snp_1346", "snp_1347", "snp_1348", "snp_1349", "snp_1350", 
    "snp_1351", "snp_1352", "snp_1353", "snp_1354", "snp_1355", 
    "snp_1356", "snp_1357", "snp_1358", "snp_1359", "snp_1360", 
    "snp_1361", "snp_1362", "snp_1363", "snp_1364", "snp_1365", 
    "snp_1366", "snp_1367", "snp_1368", "snp_1369", "snp_1370", 
    "snp_1371", "snp_1372", "snp_1373", "snp_1374", "snp_1375", 
    "snp_1376", "snp_1377", "snp_1378", "snp_1379", "snp_1380", 
    "snp_1381", "snp_1382", "snp_1383", "snp_1384", "snp_1385", 
    "snp_1386", "snp_1387", "snp_1388", "snp_1389", "snp_1390", 
    "snp_1391", "snp_1392", "snp_1393", "snp_1394", "snp_1395", 
    "snp_1396", "snp_1397", "snp_1398", "snp_1399", "snp_1400", 
    "snp_1401", "snp_1402", "snp_1403", "snp_1404", "snp_1405", 
    "snp_1406", "snp_1407", "snp_1408", "snp_1409", "snp_1410", 
    "snp_1411", "snp_1412", "snp_1413", "snp_1414", "snp_1415", 
    "snp_1416", "snp_1417", "snp_1418", "snp_1419", "snp_1420", 
    "snp_1421", "snp_1422", "snp_1423", "snp_1424", "snp_1425", 
    "snp_1426", "snp_1427", "snp_1428", "snp_1429", "snp_1430", 
    "snp_1431", "snp_1432", "snp_1433", "snp_1434", "snp_1435", 
    "snp_1436", "snp_1437", "snp_1438", "snp_1439", "snp_1440", 
    "snp_1441", "snp_1442", "snp_1443", "snp_1444", "snp_1445", 
    "snp_1446", "snp_1447", "snp_1448", "snp_1449", "snp_1450", 
    "snp_1451", "snp_1452", "snp_1453", "snp_1454", "snp_1455", 
    "snp_1456", "snp_1457", "snp_1458", "snp_1459", "snp_1460", 
    "snp_1461", "snp_1462", "snp_1463", "snp_1464", "snp_1465", 
    "snp_1466", "snp_1467", "snp_1468", "snp_1469", "snp_1470", 
    "snp_1471", "snp_1472", "snp_1473", "snp_1474", "snp_1475", 
    "snp_1476", "snp_1477", "snp_1478", "snp_1479", "snp_1480", 
    "snp_1481", "snp_1482", "snp_1483", "snp_1484", "snp_1485", 
    "snp_1486", "snp_1487", "snp_1488", "snp_1489", "snp_1490", 
    "snp_1491", "snp_1492", "snp_1493", "snp_1494", "snp_1495", 
    "snp_1496", "snp_1497", "snp_1498", "snp_1499", "snp_1500", 
    "snp_1501", "snp_1502", "snp_1503", "snp_1504", "snp_1505", 
    "snp_1506", "snp_1507", "snp_1508", "snp_1509", "snp_1510", 
    "snp_1511", "snp_1512", "snp_1513", "snp_1514", "snp_1515", 
    "snp_1516", "snp_1517", "snp_1518", "snp_1519", "snp_1520", 
    "snp_1521", "snp_1522", "snp_1523", "snp_1524", "snp_1525", 
    "snp_1526", "snp_1527", "snp_1528", "snp_1529", "snp_1530", 
    "snp_1531", "snp_1532", "snp_1533", "snp_1534", "snp_1535", 
    "snp_1536", "snp_1537", "snp_1538", "snp_1539", "snp_1540", 
    "snp_1541", "snp_1542", "snp_1543", "snp_1544", "snp_1545", 
    "snp_1546", "snp_1547", "snp_1548", "snp_1549", "snp_1550", 
    "snp_1551", "snp_1552", "snp_1553", "snp_1554", "snp_1555", 
    "snp_1556", "snp_1557", "snp_1558", "snp_1559", "snp_1560", 
    "snp_1561", "snp_1562", "snp_1563", "snp_1564", "snp_1565", 
    "snp_1566", "snp_1567", "snp_1568", "snp_1569", "snp_1570", 
    "snp_1571", "snp_1572", "snp_1573", "snp_1574", "snp_1575", 
    "snp_1576", "snp_1577", "snp_1578", "snp_1579", "snp_1580", 
    "snp_1581", "snp_1582", "snp_1583", "snp_1584", "snp_1585", 
    "snp_1586", "snp_1587", "snp_1588", "snp_1589", "snp_1590", 
    "snp_1591", "snp_1592", "snp_1593", "snp_1594", "snp_1595", 
    "snp_1596", "snp_1597", "snp_1598", "snp_1599", "snp_1600", 
    "snp_1601", "snp_1602", "snp_1603", "snp_1604", "snp_1605", 
    "snp_1606", "snp_1607", "snp_1608", "snp_1609", "snp_1610", 
    "snp_1611", "snp_1612", "snp_1613", "snp_1614", "snp_1615", 
    "snp_1616", "snp_1617", "snp_1618", "snp_1619", "snp_1620", 
    "snp_1621", "snp_1622", "snp_1623", "snp_1624", "snp_1625", 
    "snp_1626", "snp_1627", "snp_1628", "snp_1629", "snp_1630", 
    "snp_1631", "snp_1632", "snp_1633", "snp_1634", "snp_1635", 
    "snp_1636", "snp_1637", "snp_1638", "snp_1639", "snp_1640", 
    "snp_1641", "snp_1642", "snp_1643", "snp_1644", "snp_1645", 
    "snp_1646", "snp_1647", "snp_1648", "snp_1649", "snp_1650", 
    "snp_1651", "snp_1652", "snp_1653", "snp_1654", "snp_1655", 
    "snp_1656", "snp_1657", "snp_1658", "snp_1659", "snp_1660", 
    "snp_1661", "snp_1662", "snp_1663", "snp_1664", "snp_1665", 
    "snp_1666", "snp_1667", "snp_1668", "snp_1669", "snp_1670", 
    "snp_1671", "snp_1672", "snp_1673", "snp_1674", "snp_1675", 
    "snp_1676", "snp_1677", "snp_1678", "snp_1679", "snp_1680", 
    "snp_1681", "snp_1682", "snp_1683", "snp_1684", "snp_1685", 
    "snp_1686", "snp_1687", "snp_1688", "snp_1689", "snp_1690", 
    "snp_1691", "snp_1692", "snp_1693", "snp_1694", "snp_1695", 
    "snp_1696", "snp_1697", "snp_1698", "snp_1699", "snp_1700", 
    "snp_1701", "snp_1702", "snp_1703", "snp_1704", "snp_1705", 
    "snp_1706", "snp_1707", "snp_1708", "snp_1709", "snp_1710", 
    "snp_1711", "snp_1712", "snp_1713", "snp_1714", "snp_1715", 
    "snp_1716", "snp_1717", "snp_1718", "snp_1719", "snp_1720", 
    "snp_1721", "snp_1722", "snp_1723", "snp_1724", "snp_1725", 
    "snp_1726", "snp_1727", "snp_1728", "snp_1729", "snp_1730", 
    "snp_1731", "snp_1732", "snp_1733", "snp_1734", "snp_1735", 
    "snp_1736", "snp_1737", "snp_1738", "snp_1739", "snp_1740", 
    "snp_1741", "snp_1742", "snp_1743", "snp_1744", "snp_1745", 
    "snp_1746", "snp_1747", "snp_1748", "snp_1749", "snp_1750", 
    "snp_1751", "snp_1752", "snp_1753", "snp_1754", "snp_1755", 
    "snp_1756", "snp_1757", "snp_1758", "snp_1759", "snp_1760", 
    "snp_1761", "snp_1762", "snp_1763", "snp_1764", "snp_1765", 
    "snp_1766", "snp_1767", "snp_1768", "snp_1769", "snp_1770", 
    "snp_1771", "snp_1772", "snp_1773", "snp_1774", "snp_1775", 
    "snp_1776", "snp_1777", "snp_1778", "snp_1779", "snp_1780", 
    "snp_1781", "snp_1782", "snp_1783", "snp_1784", "snp_1785", 
    "snp_1786", "snp_1787", "snp_1788", "snp_1789", "snp_1790", 
    "snp_1791", "snp_1792", "snp_1793", "snp_1794", "snp_1795", 
    "snp_1796", "snp_1797", "snp_1798", "snp_1799", "snp_1800", 
    "snp_1801", "snp_1802", "snp_1803", "snp_1804", "snp_1805", 
    "snp_1806", "snp_1807", "snp_1808", "snp_1809", "snp_1810", 
    "snp_1811", "snp_1812", "snp_1813", "snp_1814", "snp_1815", 
    "snp_1816", "snp_1817", "snp_1818", "snp_1819", "snp_1820", 
    "snp_1821", "snp_1822", "snp_1823", "snp_1824", "snp_1825", 
    "snp_1826", "snp_1827", "snp_1828", "snp_1829", "snp_1830", 
    "snp_1831", "snp_1832", "snp_1833", "snp_1834", "snp_1835", 
    "snp_1836", "snp_1837", "snp_1838", "snp_1839", "snp_1840", 
    "snp_1841", "snp_1842", "snp_1843", "snp_1844", "snp_1845", 
    "snp_1846", "snp_1847", "snp_1848", "snp_1849", "snp_1850", 
    "snp_1851", "snp_1852", "snp_1853", "snp_1854", "snp_1855", 
    "snp_1856", "snp_1857", "snp_1858", "snp_1859", "snp_1860", 
    "snp_1861", "snp_1862", "snp_1863", "snp_1864", "snp_1865", 
    "snp_1866", "snp_1867", "snp_1868", "snp_1869", "snp_1870", 
    "snp_1871", "snp_1872", "snp_1873", "snp_1874", "snp_1875", 
    "snp_1876", "snp_1877", "snp_1878", "snp_1879", "snp_1880", 
    "snp_1881", "snp_1882", "snp_1883", "snp_1884", "snp_1885", 
    "snp_1886", "snp_1887", "snp_1888", "snp_1889", "snp_1890", 
    "snp_1891", "snp_1892", "snp_1893", "snp_1894", "snp_1895", 
    "snp_1896", "snp_1897", "snp_1898", "snp_1899", "snp_1900", 
    "snp_1901", "snp_1902", "snp_1903", "snp_1904", "snp_1905", 
    "snp_1906"), effect_allele = NA_character_, other_allele = NA_character_, 
    eaf = NA_real_, correlation = structure(NA, .Dim = c(1L, 
    1L))), Values = structure(list(Method = c("Simple median", 
"Weighted median", "Penalized weighted median", "IVW", "Penalized IVW", 
"Robust IVW", "Penalized robust IVW", "MR-Egger", "(intercept)", 
"Penalized MR-Egger", "(intercept)", "Robust MR-Egger", "(intercept)", 
"Penalized robust MR-Egger", "(intercept)"), Estimate = c(-0.111865108575635, 
-0.112589219249552, -0.113430116703156, -0.118786200639528, -0.108764125104713, 
-0.114002071418882, -0.107871317751894, -0.0954842304577742, 
-0.00051053966300611, -0.132774040617591, 0.000470718001995387, 
-0.134631254735159, 0.000436699688605896, -0.134085279451463, 
0.000528442755510179), `Std Error` = c(0.0142838793194672, 0.0150786503923152, 
0.0151337823446808, 0.0133179494658282, 0.00987060105611164, 
0.0130001175706597, 0.0109669720236448, 0.0283037586969626, 0.00054718312907175, 
0.0211793697141977, 0.000403781488086279, 0.0293306062631166, 
0.000529667565840899, 0.024312519564985, 0.000453250528313931
), `95% CI ` = c(-0.139860997601307, -0.14214283095396, -0.143091785048599, 
-0.144888901940475, -0.128110147680455, -0.139481833652161, -0.129366187937696, 
-0.150958578130933, -0.00158299888893467, -0.174284842472677, 
-0.000320679172277709, -0.192118186655593, -0.000601429664221265, 
-0.181736942172259, -0.000359911955958878), ` ` = c(-0.0838692195499627, 
-0.0830356075451432, -0.0837684483577138, -0.0926834993385801, 
-0.0894181025289716, -0.0885223091856028, -0.086376447566092, 
-0.0400098827846151, 0.000561919562922452, -0.0912632387625053, 
0.00126211517626848, -0.077144322814726, 0.00147482904143306, 
-0.0864336167306667, 0.00141679746697924), `P-value` = c(4.81839702527905e-15, 
8.21704767542823e-14, 6.62176501825627e-14, 4.69431124321769e-19, 
3.09487714432683e-28, 1.79763204074474e-18, 7.87680918156914e-23, 
0.000742047560260195, 0.350803169334224, 3.63311158935176e-10, 
0.243705790374766, 4.42972997904967e-06, 0.409667546591966, 3.48638540259572e-08, 
0.243656694889647)), row.names = c(NA, -15L), class = "data.frame"), 
    Method = "all")
