CHROM	POS	EFFECT_allele	OTHER_allele	FREQ_EFFECT_allele	BETA	SE	P
10	100013815	T	C	0.3366	-0.001435	0.0032310000000000004	0.6569
10	101805442	T	C	0.3963	0.005082	0.003118	0.1032
10	102289078	A	C	0.2231	0.0003663	0.0037310000000000004	0.9218
10	102661251	T	G	0.5598	-0.0008021	0.003083	0.7947
10	103392503	T	C	0.6664	-0.0009630000000000001	0.003327	0.7722
10	104221539	A	G	0.4605	-0.003032	0.003127	0.3323
10	104341435	T	C	0.5824	-0.0008894	0.003145	0.7773
10	105357181	A	G	0.4328	-0.003806	0.0033020000000000002	0.249
10	105492549	A	G	0.7679	0.002517	0.00379	0.5066
10	105623955	T	C	0.4195	-0.008743	0.003196	0.006224
10	114384057	A	G	0.6428	0.001423	0.003278	0.6642
10	114711983	A	G	0.4598	-0.003498	0.0030600000000000002	0.2531
10	114898914	A	C	0.93274	-0.006357	0.006968000000000001	0.3616
10	115792062	A	G	0.7218	0.004416	0.0034659999999999995	0.2027
10	116135344	A	G	0.3891	0.00022189999999999997	0.00325	0.9456
